"TOA5","Hangar","CR800","22390","CR800.Std.24","CPU:temp_rh_draft3.cr8","51088","Test2"
"TIMESTAMP","RECORD","batt_volt_Min","PTemp","Current","Tair","RelHum","Jct_T","Tdew","Peltier_status","Pump_status","fail_flag"
"TS","RN","","","A","deg C","percent","deg C","C","","",""
"","","Min","Smp","Smp","Avg","Smp","Smp","Smp","Smp","Smp","Smp"
"2024-07-28 21:20:00",0,12.22,25.22,0.632,25.62,41.47,12.48,12.28,1,1,0
"2024-07-28 21:25:00",1,11.85,25.34,-3.129,26.08,41.3,9.53,12.34,4,1,0
"2024-07-28 21:30:00",2,11.84,25.43,-3.06,26.19,38.94,9.11,10.99,7,1,0
"2024-07-28 21:35:00",3,12.22,25.58,-3.088,26.15,37.54,10.71,9.96,10,1,0
"2024-07-28 21:40:00",4,12.23,25.76,-3.102,26.05,36.75,12.29,10.58,13,1,0
"2024-07-28 21:45:00",5,12.2,25.89,-3.024,26.29,37.26,13.35,11.45,17,1,0
"2024-07-28 21:50:00",6,12.21,25.98,-3.102,26.65,36.89,13.27,10.93,20,1,0
"2024-07-28 21:55:00",7,11.83,26.04,-3.028,26.21,35.62,13.1,10.53,23,1,0
"2024-07-28 22:00:00",8,11.65,26.04,0.675,26.22,35.89,10.84,9.95,26,1,0
"2024-07-28 22:05:00",9,8.77,25.95,-3.037,25.8,36.58,9.62,10.02,29,1,0
"2024-07-28 22:10:00",10,11.73,25.89,-3.021,25.9,36.58,9.09,9.99,32,1,0
"2024-07-28 22:15:00",11,11.76,25.83,-3.088,25.73,36.75,11.1,9.73,35,1,0
"2024-07-28 22:20:00",12,12.1,25.79,0.952,25.69,36.99,13.51,9.74,39,1,0
"2024-07-28 22:25:00",13,12.16,25.79,0.811,25.5,37.36,11.08,9.98,42,1,0
"2024-07-28 22:30:00",14,11.69,25.83,0.729,25.63,37.3,11.11,9.98,45,1,0
"2024-07-28 22:35:00",15,12.26,25.85,0.726,25.25,36.82,11.19,9.85,3,1,0
"2024-07-28 22:40:00",16,11.94,25.92,-3.107,25.17,36.58,10.2,9.09,6,1,0
"2024-07-28 22:45:00",17,12.23,25.98,-2.988,25.31,36.41,9.53,9.14,9,1,0
"2024-07-28 22:50:00",18,12.25,26.07,-3.047,25.54,37.84,11.5,10.78,12,1,0
"2024-07-28 22:55:00",19,12.25,26.13,-3.052,25.91,36.27,12.51,10.56,15,1,0
"2024-07-28 23:00:00",20,12.25,26.19,0.938,26.09,36.13,13.47,10.32,19,1,0
"2024-07-28 23:45:00",21,12.29,25.79,0.584,26.3,44.62,13.1,13.83,1,1,0
"2024-07-28 23:50:00",22,12.28,25.79,-3.161,26.11,41.64,9.51,12.65,4,1,0
"2024-07-28 23:55:00",23,12.28,25.85,-3.157,25.97,38.91,11.97,11.01,7,1,0
"2024-07-29 00:00:00",24,12.27,25.95,0.845,26.14,38.15,13.36,10.96,11,1,0
"2024-07-29 00:05:00",25,12.27,26.13,-3.157,26.19,38.02,9.51,10.33,14,1,0
"2024-07-29 00:10:00",26,12.27,26.31,-3.111,26,37.88,11.77,11.85,17,1,0
"2024-07-29 00:15:00",27,12.27,26.53,0.775,26.77,35.55,13.5,8.19,21,1,0
"2024-07-29 00:20:00",28,12.27,26.68,-3.051,26.96,36.61,9.48,10.91,24,1,0
"2024-07-29 00:25:00",29,12.27,26.87,-3.101,27.01,34.8,11.75,8.07,27,1,0
"2024-07-29 00:30:00",30,12.27,27,0.733,27.12,35.89,13.53,9.04,31,1,0
"2024-07-29 00:35:00",31,12.26,27.12,-3.11,27.11,34.76,9.61,8.11,34,1,0
"2024-07-29 00:40:00",32,12.26,27.21,-3.124,27.07,35.2,11.72,11.18,37,1,0
"2024-07-29 00:45:00",33,12.26,27.34,0.787,27.19,34.96,13.74,8.52,41,1,0
"2024-07-29 00:50:00",34,12.26,27.4,-3.142,27.34,35.61,9.74,10.63,44,1,0
"2024-07-29 00:55:00",35,12.26,27.5,-3.105,27.52,35.1,11.76,11.1,47,1,0
"2024-07-29 01:00:00",36,12.26,27.56,0.726,27.52,34.89,13.71,8.94,51,1,0
"2024-07-29 01:05:00",37,12.26,27.63,-3.073,27.29,34.96,9.69,10.65,54,1,0
"2024-07-29 01:10:00",38,12.26,27.66,-3.114,27.32,36.43,11.8,11.45,57,1,0
"2024-07-29 01:15:00",39,12.26,27.69,0.786,27.37,34.51,13.73,10.82,61,1,0
"2024-07-29 01:20:00",40,12.26,27.72,-3.11,27.31,34.68,10.08,10.44,64,1,0
"2024-07-29 01:25:00",41,12.25,27.72,-3.023,27.46,34.45,9.4,10.31,67,1,0
"2024-07-29 01:30:00",42,12.25,27.72,-3.069,27.45,33.83,12.66,10.04,70,1,0
"2024-07-29 01:35:00",43,12.25,27.72,0.707,27.39,34.03,12.21,10.01,74,1,0
"2024-07-29 01:40:00",44,12.24,27.72,-3.128,27.49,34.07,9.82,9.28,77,1,0
"2024-07-29 01:45:00",45,12.24,27.72,-3.082,27.1,34.1,12.82,10.04,80,1,0
"2024-07-29 01:50:00",46,12.24,27.72,0.774,27.22,34.86,12.46,10.91,84,1,0
"2024-07-29 01:55:00",47,12.24,27.69,-3.087,27.39,35.03,9.85,10.98,87,1,0
"2024-07-29 02:00:00",48,12.22,27.69,-3.101,27.29,34.45,12.78,10.7,90,1,0
"2024-07-29 02:05:00",49,12.22,27.69,0.779,27.23,34.99,12.27,8.59,94,1,0
"2024-07-29 02:10:00",50,12.22,27.66,-3.069,27.19,35.27,9.73,11.14,97,1,0
"2024-07-29 02:15:00",51,12.16,27.63,-3.124,27.28,35.44,12.15,11.06,100,1,0
"2024-07-29 02:20:00",52,12.08,27.59,0.747,26.99,34.31,12.82,10.46,104,1,0
"2024-07-29 02:25:00",53,12.06,27.56,-3.064,26.77,35.95,9.52,11.16,107,1,0
"2024-07-29 02:30:00",54,12.18,27.53,-3.096,26.88,35.37,11.68,10.62,110,1,0
"2024-07-29 02:35:00",55,12.14,27.5,0.789,26.99,33.25,13.45,6.918,114,1,0
"2024-07-29 02:40:00",56,12.17,27.47,-3.073,26.48,35.23,9.76,10.77,117,1,0
"2024-07-29 02:45:00",57,12.17,27.47,-3.115,26.92,34.17,11.79,10.4,120,1,0
"2024-07-29 02:50:00",58,12.17,27.47,0.767,27.2,34.07,13.55,10.36,124,1,0
"2024-07-29 02:55:00",59,12.17,27.47,-3.073,27.01,33.63,9.55,7.232,127,1,0
"2024-07-29 03:00:00",60,12.17,27.47,-3.165,27.11,34.72,9.72,9.53,130,1,0
"2024-07-29 03:05:00",61,12.23,27.47,-3.142,27.42,33.9,10.74,10.04,133,1,0
"2024-07-29 03:10:00",62,12.23,27.5,-3.064,27.32,33.25,11.92,9.84,136,1,0
"2024-07-29 03:15:00",63,12.23,27.5,-3.124,27.38,33.28,12.83,9.83,139,1,0
"2024-07-29 03:20:00",64,12.2,27.5,0.717,27.42,33.9,12.35,10.52,143,1,0
"2024-07-29 03:25:00",65,12.19,27.5,-3.096,27.5,34.31,9.88,10.61,146,1,0
"2024-07-29 03:30:00",66,12.2,27.5,-3.075,27.35,33.49,12.66,9.83,149,1,0
"2024-07-29 03:35:00",67,12.21,27.47,0.757,27.26,34.21,12.84,9.91,153,1,0
"2024-07-29 03:40:00",68,12.21,27.44,0.709,27.1,34.58,11.71,10.55,156,1,0
"2024-07-29 03:45:00",69,12.21,27.4,-3.013,27.03,34.34,10.14,9.13,159,1,0
"2024-07-29 03:50:00",70,12.21,27.4,-3.101,27.11,34.65,12.55,10.31,162,1,0
"2024-07-29 03:55:00",71,12.21,27.37,0.739,26.95,36.7,12.94,11.08,166,1,0
"2024-07-29 04:00:00",72,12.21,27.37,-3.142,26.99,35.23,9.74,10.29,169,1,0
"2024-07-29 04:05:00",73,12.21,27.37,-3.119,26.84,33.59,11.58,7.126,172,1,0
"2024-07-29 04:10:00",74,12.21,27.34,0.939,26.94,35.81,13.47,10.72,176,1,0
"2024-07-29 04:15:00",75,12.21,27.31,0.797,26.84,34.51,13.56,9.83,179,1,0
"2024-07-29 04:20:00",76,12.2,27.28,-3.119,26.65,35.23,10.09,10.02,182,1,0
"2024-07-29 04:25:00",77,12.19,27.25,-3.096,26.84,36.16,9.71,11.07,185,1,0
"2024-07-29 04:30:00",78,12.19,27.25,-3.082,26.23,35.95,10.65,11.01,188,1,0
"2024-07-29 04:35:00",79,12.19,27.18,-2.995,26.43,33.97,11.04,7.048,191,1,0
"2024-07-29 04:40:00",80,12.16,27.15,-3.105,26.48,35.16,12.83,10.14,194,1,0
"2024-07-29 04:45:00",81,12.22,27.12,0.849,26.53,35.47,13.46,10.69,198,1,0
"2024-07-29 04:50:00",82,12.19,27.12,0.694,26.43,35.44,11.01,10.04,201,1,0
"2024-07-29 04:55:00",83,12.05,27.09,-3.101,26.25,35.2,9.65,10,204,1,0
"2024-07-29 05:00:00",84,11.97,27.03,-3.115,26.42,34.21,10.17,7.18,207,1,0
"2024-07-29 05:05:00",85,11.71,27.03,-3.092,26.45,34.58,10.58,9.68,210,1,0
"2024-07-29 05:10:00",86,12.13,27,-3.078,26.55,35.47,12.61,10.54,213,1,0
"2024-07-29 05:15:00",87,12.21,26.96,0.899,26.44,35.71,13.78,10.67,217,1,0
"2024-07-29 05:20:00",88,12.21,26.93,0.785,26.15,34.89,13.6,9.75,220,1,0
"2024-07-29 05:25:00",89,12.23,26.93,0.807,26.38,35.23,12.9,9.93,223,1,0
"2024-07-29 05:30:00",90,12.22,26.9,0.721,26.06,35.54,10.83,9.21,226,1,0
"2024-07-29 05:35:00",91,12.22,26.9,-3.087,25.95,34.75,9.76,7.444,229,1,0
"2024-07-29 05:40:00",92,12.24,26.84,-3.11,26.02,34.41,10.63,7.119,232,1,0
"2024-07-29 05:45:00",93,12.21,26.81,-3.055,25.92,35.13,12.03,9.01,235,1,0
"2024-07-29 05:50:00",94,12.16,26.84,-3.096,26.1,36.09,12.8,10.77,238,1,0
"2024-07-29 05:55:00",95,12.23,26.81,0.887,26.17,34.45,13.79,7.314,242,1,0
"2024-07-29 06:00:00",96,12.22,26.81,0.812,26.15,34.48,12.91,7.45,245,1,0
"2024-07-29 06:05:00",97,12.22,26.81,0.721,25.89,35.54,10.96,9.28,248,1,0
"2024-07-29 06:10:00",98,12.23,26.81,-3.05,26.1,34.62,9.78,7.299,251,1,0
"2024-07-29 06:15:00",99,12.22,26.81,-3.082,26.36,36.09,10.93,10.86,254,1,0
"2024-07-29 06:20:00",100,12.22,26.78,-3.059,25.97,35.78,12.18,10.55,257,1,0
"2024-07-29 06:25:00",101,12.21,26.74,-3.009,25.89,34.99,13.18,9.68,261,1,0
"2024-07-29 06:30:00",102,12.21,26.72,0.886,25.81,34.34,13.26,6.944,264,1,0
"2024-07-29 06:35:00",103,12.13,26.72,0.75,25.84,35.65,11.49,9.87,267,1,0
"2024-07-29 06:40:00",104,12.16,26.65,-3.05,25.76,35.41,9.58,9.01,270,1,0
"2024-07-29 06:45:00",105,12.22,26.62,-3.019,25.63,35.58,9.73,9.84,273,1,0
"2024-07-29 06:50:00",106,12.22,26.62,-3.138,25.63,34.72,10.45,7.227,276,1,0
"2024-07-29 06:55:00",107,12.21,26.62,-3.105,25.7,35.27,11.35,8.84,279,1,0
"2024-07-29 07:00:00",108,12.21,26.59,-3.124,25.6,34.25,12.68,6.997,282,1,0
"2024-07-29 07:05:00",109,12.2,26.56,0.877,25.7,35.1,13.45,8.77,286,1,0
"2024-07-29 07:10:00",110,12.2,26.53,0.864,25.79,35.44,12.82,9.64,289,1,0
"2024-07-29 07:15:00",111,12.2,26.5,0.747,25.8,35.68,10.69,9.77,292,1,0
"2024-07-29 07:20:00",112,12.2,26.5,-3.064,25.88,35.96,9.61,9.82,295,1,0
"2024-07-29 07:25:00",113,12.2,26.47,-3.014,25.87,36.06,9.83,9.87,298,1,0
"2024-07-29 07:30:00",114,12.19,26.47,-3.055,25.9,35.69,10.85,9.71,301,1,0
"2024-07-29 07:35:00",115,12.2,26.47,-3.046,25.93,35.48,12.26,8.91,304,1,0
"2024-07-29 07:40:00",116,12.21,26.47,-3.119,25.92,35.69,13.14,9.02,308,1,0
"2024-07-29 07:45:00",117,12.21,26.47,0.801,25.97,35.55,13.28,9,311,1,0
"2024-07-29 07:50:00",118,12.2,26.47,0.761,26.01,36.03,11.56,9.98,314,1,0
"2024-07-29 07:55:00",119,12.2,26.5,-3.143,25.85,36.03,9.9,9.22,317,1,0
"2024-07-29 08:00:00",120,12.22,26.5,-3.051,25.72,35.55,10.3,9.06,320,1,0
"2024-07-29 08:05:00",121,12.2,26.5,-3.12,25.94,35.28,11.58,8.97,323,1,0
"2024-07-29 08:10:00",122,12.05,26.53,-3.106,25.86,34.49,12.69,7.228,326,1,0
"2024-07-29 08:15:00",123,12.19,26.53,0.899,25.97,35.17,13.51,9.68,330,1,0
"2024-07-29 08:20:00",124,12.19,26.53,0.837,25.91,35.59,12.09,9.79,333,1,0
"2024-07-29 08:25:00",125,12.18,26.53,-3.051,25.97,35.69,10.05,9.84,336,1,0
"2024-07-29 08:30:00",126,12.16,26.5,-3.016,25.95,35.52,9.84,9.73,339,1,0
"2024-07-29 08:35:00",127,12.16,26.5,-3.078,25.97,35.48,10.91,8.97,342,1,0
"2024-07-29 08:40:00",128,12.21,26.5,-3.106,25.73,35.17,12.21,8.84,345,1,0
"2024-07-29 08:45:00",129,12.22,26.47,-3.087,25.71,35.35,13.2,8.91,349,1,0
"2024-07-29 08:50:00",130,12.2,26.47,0.866,25.77,34.59,13.15,7.12,352,1,0
"2024-07-29 08:55:00",131,12.18,26.44,0.835,25.76,35.45,12.33,8.83,355,1,0
"2024-07-29 09:00:00",132,12.19,26.44,-3.037,25.85,35.65,10.14,9.73,358,1,0
"2024-07-29 09:05:00",133,12.21,26.44,-3.106,25.75,35.69,9.87,9.77,361,1,0
"2024-07-29 09:10:00",134,12.19,26.41,-3.055,25.71,35.24,10.5,8.78,364,1,0
"2024-07-29 09:15:00",135,12.2,26.41,-3.097,25.84,35.31,11.37,9.56,367,1,0
"2024-07-29 09:20:00",136,12.2,26.41,-3.083,25.67,34.63,12.32,7.016,370,1,0
"2024-07-29 09:25:00",137,11.68,26.37,-3.014,25.97,35.31,13.32,9.68,374,1,0
"2024-07-29 09:30:00",138,11.97,26.37,0.914,25.8,35.41,13.51,9.63,377,1,0
"2024-07-29 09:35:00",139,12.2,26.37,0.804,25.86,35.65,12.78,9.76,380,1,0
"2024-07-29 09:40:00",140,12.17,26.34,0.797,25.92,35.86,11.66,9.73,383,1,0
"2024-07-29 09:45:00",141,12.2,26.37,-3.097,25.96,35.96,9.82,9.8,386,1,0
"2024-07-29 09:50:00",142,12.19,26.37,-3.016,26,36.13,10.15,9.75,389,1,0
"2024-07-29 09:55:00",143,12.16,26.37,-3.032,26.05,35.59,11.35,9.76,392,1,0
"2024-07-29 10:00:00",144,11.67,26.37,-3.042,26.08,35.38,12.69,9.62,395,1,0
"2024-07-29 10:05:00",145,12.1,26.37,0.896,26.05,35.76,13.45,9.78,399,1,0
"2024-07-29 10:10:00",146,12.19,26.37,0.822,26.02,35.89,12.18,9.95,402,1,0
"2024-07-29 10:15:00",147,12.2,26.37,-3.088,25.9,35.72,10.13,9.82,405,1,0
"2024-07-29 10:20:00",148,12.21,26.37,-3.092,25.77,35.89,9.89,9.83,408,1,0
"2024-07-29 10:25:00",149,12.21,26.37,-2.996,25.98,35.62,10.51,9.78,411,1,0
"2024-07-29 10:30:00",150,12.22,26.37,-3.106,25.8,35.41,11.36,8.91,414,1,0
"2024-07-29 10:35:00",151,12.22,26.34,-3.097,25.89,35.72,11.83,9.76,417,1,0
"2024-07-29 10:40:00",152,12.21,26.31,-3.056,25.92,35.69,12.57,9.6,420,1,0
"2024-07-29 10:45:00",153,12.2,26.31,-3.051,25.89,35.89,12.98,9.71,423,1,0
"2024-07-29 10:50:00",154,12.2,26.28,-3.037,25.87,36.41,13.33,9.74,427,1,0
"2024-07-29 10:55:00",155,12.2,26.25,1.007,25.86,36.27,13.58,9.72,430,1,0
"2024-07-29 11:00:00",156,12.19,26.25,0.922,25.86,36.48,13.37,9.89,433,1,0
"2024-07-29 11:05:00",157,12.18,26.22,0.902,25.88,36.48,13.11,9.89,436,1,0
"2024-07-29 11:10:00",158,12.18,26.19,0.78,25.89,36.68,12.7,10.1,439,1,0
"2024-07-29 11:15:00",159,12.18,26.19,0.834,25.93,36.75,12.33,10.06,442,1,0
"2024-07-29 11:20:00",160,12.18,26.22,0.778,25.96,37.09,11.04,10.14,445,1,0
"2024-07-29 11:25:00",161,12.19,26.22,-3.083,25.91,36.85,10.28,10.2,448,1,0
"2024-07-29 11:30:00",162,12.19,26.25,-3.042,26.02,37.02,9.3,10.17,451,1,0
"2024-07-29 11:35:00",163,12.16,26.31,0.811,26.13,36.58,10.41,10.26,454,1,0
"2024-07-29 11:40:00",164,12.18,26.37,0.802,26.24,36.3,12.44,10.09,457,1,0
"2024-07-29 11:45:00",165,12.16,26.47,0.729,26.31,36.13,10.98,10.17,460,1,0
"2024-07-29 11:50:00",166,12.19,26.56,-3.109,26.44,35.48,10,10.11,463,1,0
"2024-07-29 11:55:00",167,12.17,26.68,-3.097,26.3,34.94,10.06,9.28,466,1,0
"2024-07-29 12:00:00",168,12.14,26.84,-3.083,26.48,34.83,10.21,10.16,469,1,0
"2024-07-29 12:05:00",169,12.15,27,-3.097,26.46,34.04,10.57,9.28,472,1,0
"2024-07-29 12:10:00",170,12.14,27.21,-3.014,27.11,34.42,11.24,10.7,475,1,0
"2024-07-29 12:15:00",171,12.18,27.44,-3.101,27.5,34.21,12.22,11.2,478,1,0
"2024-07-29 12:20:00",172,12.18,27.66,0.837,27.83,33.22,13.57,10.55,482,1,0
"2024-07-29 12:25:00",173,12.18,27.91,0.773,28.35,33.28,13.21,11.08,485,1,0
"2024-07-29 12:30:00",174,12.17,28.2,0.743,28.51,33.08,11.65,10.69,488,1,0
"2024-07-29 12:35:00",175,12.16,28.49,0.718,28.71,32.5,10.81,10.51,491,1,0
"2024-07-29 12:40:00",176,12.17,28.72,-3.11,28.8,32.12,10.2,10.54,494,1,0
"2024-07-29 12:45:00",177,12.17,29.02,-3.11,29,31.06,11.87,10.31,497,1,0
"2024-07-29 12:50:00",178,12.14,29.32,-3.117,29.33,31.57,12.13,11.5,500,1,0
"2024-07-29 12:55:00",179,12.13,29.58,-3.096,29.45,30.24,13.17,10.44,504,1,0
"2024-07-29 13:00:00",180,12.13,29.92,0.744,29.86,29.55,13.58,10.77,507,1,0
"2024-07-29 13:05:00",181,12.14,30.22,0.659,30.4,30.07,12.34,11.32,510,1,0
"2024-07-29 13:10:00",182,12.14,30.5,0.592,30.46,29.76,10.81,10.78,513,1,0
"2024-07-29 13:15:00",183,12.09,30.78,-3.124,30.88,29.31,10.08,10.58,516,1,0
"2024-07-29 13:20:00",184,12.1,31.02,-3.17,31.05,29.04,11.2,11.38,519,1,0
"2024-07-29 13:25:00",185,12.14,31.26,-3.167,31.08,28.32,12.79,10.36,522,1,0
"2024-07-29 13:30:00",186,12.14,31.51,0.722,31.2,28.25,14.06,10.79,526,1,0
"2024-07-29 13:35:00",187,12.11,31.76,0.628,31.22,28.35,12.25,10.99,529,1,0
"2024-07-29 13:40:00",188,12.14,31.97,-3.16,31.4,28.18,10.23,10.86,532,1,0
"2024-07-29 13:45:00",189,12.13,32.15,-3.174,31.45,27.87,10.25,10.58,535,1,0
"2024-07-29 13:50:00",190,12.13,32.37,-3.174,31.51,27.43,11.74,10.4,538,1,0
"2024-07-29 13:55:00",191,12.13,32.59,-3.146,31.7,27.22,11.94,10.49,541,1,0
"2024-07-29 14:00:00",192,12.13,32.84,0.605,32.04,27.22,13.56,11.39,545,1,0
"2024-07-29 14:05:00",193,12.14,33.06,0.526,32.39,26.98,12.21,11.45,548,1,0
"2024-07-29 14:10:00",194,12.12,33.32,-3.16,32.09,26.33,10.32,9.78,551,1,0
"2024-07-29 14:15:00",195,12.15,33.59,-3.168,32.43,25.68,11.72,9.55,554,1,0
"2024-07-29 14:20:00",196,12.15,33.81,-3.206,32.89,25.51,13.14,10.2,558,1,0
"2024-07-29 14:25:00",197,12.16,34,0.604,32.91,26.47,13.76,11.76,561,1,0
"2024-07-29 14:30:00",198,12.15,34.23,0.556,33.09,25.17,12.8,10.52,564,1,0
"2024-07-29 14:35:00",199,12.15,34.46,0.525,33.23,25.82,11.4,11.62,567,1,0
"2024-07-29 14:40:00",200,12.14,34.65,-3.251,33.49,24.96,10.52,9.79,570,1,0
"2024-07-29 14:45:00",201,12.15,34.88,-3.206,33.75,24.45,11.29,10.71,573,1,0
"2024-07-29 14:50:00",202,12.17,35.08,-3.183,33.78,23.9,12.77,10.29,576,1,0
"2024-07-29 14:55:00",203,12.15,35.36,0.641,33.98,23.97,13.84,10.24,580,1,0
"2024-07-29 15:00:00",204,12.14,35.56,0.493,34.02,23.76,13.47,11.05,583,1,0
"2024-07-29 15:05:00",205,12.16,35.8,0.432,34.17,23.52,12.72,10.5,586,1,0
"2024-07-29 15:10:00",206,12.14,36.04,0.361,34.25,23.42,11.27,10.6,589,1,0
"2024-07-29 15:15:00",207,12.13,36.24,-3.261,34.44,22.91,10.22,10.44,592,1,0
"2024-07-29 15:20:00",208,12.14,36.44,-3.274,34.43,22.53,10.36,10.33,595,1,0
"2024-07-29 15:25:00",209,12.13,36.69,-3.21,34.63,22.15,11.81,9.32,598,1,0
"2024-07-29 15:30:00",210,12.11,36.9,0.6,34.68,21.44,13.65,10.32,602,1,0
"2024-07-29 15:35:00",211,12.14,37.1,0.421,35.03,21.81,13.79,10.27,605,1,0
"2024-07-29 15:40:00",212,12.15,37.31,0.399,35.03,22.02,12.74,9.65,608,1,0
"2024-07-29 15:45:00",213,12.15,37.48,0.321,35.49,22.02,11.9,9.76,611,1,0
"2024-07-29 15:50:00",214,12.15,37.65,"NAN",35.53,21.78,11.42,9.77,614,1,0
"2024-07-29 15:55:00",215,12.15,37.86,0.378,35.89,21.61,11,8.1,617,1,0
"2024-07-29 16:00:00",216,12.13,38.03,-3.274,36.05,21.71,10.52,11.38,620,1,0
"2024-07-29 16:05:00",217,12.14,38.16,-3.261,36.31,21.54,10.36,11.38,623,1,0
"2024-07-29 16:10:00",218,12.14,38.29,-3.238,36.49,21.54,10.44,11.04,626,1,0
"2024-07-29 16:15:00",219,12,38.42,-3.238,36.58,21.4,10.5,11.08,629,1,0
"2024-07-29 16:20:00",220,12.03,38.51,0.235,36.66,21.09,10.56,10.98,632,1,0
"2024-07-29 16:25:00",221,12.14,38.64,-3.302,36.8,20.75,10.36,10.9,635,1,0
"2024-07-29 16:30:00",222,12.18,38.82,-3.293,37.03,20.34,10.57,10.74,638,1,0
"2024-07-29 16:35:00",223,12.12,38.99,-3.307,37.18,19.93,10.56,10.32,641,1,0
"2024-07-29 16:40:00",224,12.12,39.13,-3.297,37.39,19.62,11.11,10.23,644,1,0
"2024-07-29 16:45:00",225,12.1,39.3,-3.352,37.43,19.18,13.2,10.02,648,1,0
"2024-07-29 16:50:00",226,12.14,39.44,"NAN",37.55,19.14,14.48,10.08,651,1,0
"2024-07-29 16:55:00",227,12.15,39.53,"NAN",37.53,19.07,13.84,10.08,654,1,0
"2024-07-29 17:00:00",228,12.14,39.53,0.302,37.49,19.14,14.21,10.15,657,1,0
"2024-07-29 17:05:00",229,12.14,39.44,0.343,37.44,19.07,14.08,9.93,660,1,0
"2024-07-29 17:10:00",230,12.11,39.39,"NAN",37.5,19.24,14.23,9.96,663,1,0
"2024-07-29 17:15:00",231,12.07,39.44,0.271,37.33,19.59,13.8,10.58,666,1,0
"2024-07-29 17:20:00",232,12.06,39.53,0.32,37.52,19.24,12.99,10.45,669,1,0
"2024-07-29 17:25:00",233,12.07,39.66,0.224,37.54,18.97,12.16,10.08,672,1,0
"2024-07-29 17:30:00",234,12.17,39.8,0.217,37.46,19.07,11.44,10.21,675,1,0
"2024-07-29 17:35:00",235,12.17,39.85,-3.251,37.6,18.83,10.62,9.91,678,1,0
"2024-07-29 17:40:00",236,12.19,39.85,-3.293,37.48,18.39,11.27,9.78,681,1,0
"2024-07-29 17:45:00",237,12.19,39.85,-3.316,37.46,18.49,13.15,9.55,685,1,0
"2024-07-29 17:50:00",238,12.2,39.8,0.4,37.65,18.94,14.25,10.54,688,1,0
"2024-07-29 17:55:00",239,12.2,39.8,0.313,37.43,18.39,13.46,9.66,691,1,0
"2024-07-29 18:00:00",240,12.2,39.89,"NAN",37.56,18.46,13.59,9.78,694,1,0
"2024-07-29 18:05:00",241,12.2,39.94,0.275,37.72,18.32,13.12,9.75,697,1,0
"2024-07-29 18:10:00",242,12.2,40.03,0.253,37.79,18.22,13.22,8.89,700,1,0
"2024-07-29 18:15:00",243,12.2,40.07,0.296,37.83,18.01,13.25,9.74,703,1,0
"2024-07-29 18:20:00",244,12.2,40.12,0.281,38.12,17.84,13.2,9.66,706,1,0
"2024-07-29 18:25:00",245,12.2,40.16,0.223,38.33,17.81,13.09,8.8,709,1,0
"2024-07-29 18:30:00",246,12.2,40.26,"NAN",38.58,17.91,13.19,10.21,712,1,0
"2024-07-29 18:35:00",247,12.21,40.3,"NAN",38.62,17.6,13.21,8.66,715,1,0
"2024-07-29 18:40:00",248,12.21,40.35,0.228,38.36,17.57,13.3,8.74,718,1,0
"2024-07-29 18:45:00",249,12.21,40.44,0.235,38.37,16.58,13.98,9.27,721,1,0
"2024-07-29 18:50:00",250,12.21,40.49,0.252,38.55,17.26,14.35,9.82,724,1,0
"2024-07-29 18:55:00",251,12.21,40.44,0.274,38.43,17.09,14.08,8.5,727,1,0
"2024-07-29 19:00:00",252,12.21,40.35,0.371,38.46,17.23,14.23,9.71,730,1,0
"2024-07-29 19:05:00",253,12.22,40.16,0.293,38.3,18.05,14.09,10.18,733,1,0
"2024-07-29 19:10:00",254,12.21,39.89,0.396,38.26,17.5,14.39,9.34,736,1,0
"2024-07-29 19:15:00",255,12.21,39.62,0.342,37.75,18.05,14.34,9.58,739,1,0
"2024-07-29 19:20:00",256,12.21,39.3,0.375,37.16,18.63,14.13,7.701,742,1,0
"2024-07-29 19:25:00",257,12.21,38.99,0.439,36.32,18.56,13.66,8.95,745,1,0
"2024-07-29 19:30:00",258,12.21,38.64,0.32,36.25,19.31,12.87,8.51,748,1,0
"2024-07-29 19:35:00",259,12.21,38.38,"NAN",36.28,19.42,12.36,9.34,751,1,0
"2024-07-29 19:40:00",260,12.22,38.29,"NAN",36.19,19.62,12.75,9.39,754,1,0
"2024-07-29 19:45:00",261,12.22,38.29,0.273,36.37,19.35,12.05,9.35,757,1,0
"2024-07-29 19:50:00",262,12.22,38.42,0.245,36.44,19.08,11.4,9.42,760,1,0
"2024-07-29 19:55:00",263,12.23,38.55,0.216,36.52,18.77,11.09,8.65,763,1,0
"2024-07-29 20:00:00",264,12.23,38.73,"NAN",36.78,18.43,11.04,8.66,766,1,0
"2024-07-29 20:05:00",265,12.23,38.9,0.165,37.25,18.15,11.31,8.71,769,1,0
"2024-07-29 20:10:00",266,12.23,39.04,0.192,37.99,18.02,11.76,8.82,772,1,0
"2024-07-29 20:15:00",267,12.23,39.17,0.187,38.33,17.85,12,10.08,775,1,0
"2024-07-29 20:20:00",268,12.23,39.3,0.167,38.31,16.82,12.41,9.38,778,1,0
"2024-07-29 20:25:00",269,12.23,39.48,0.238,38.38,16.58,13.36,9.22,781,1,0
"2024-07-29 20:30:00",270,12.22,39.62,0.231,38.38,16.99,14.36,9.18,784,1,0
"2024-07-29 20:35:00",271,12.22,39.75,"NAN",38.65,17.71,14.02,10.56,787,1,0
"2024-07-29 20:40:00",272,12.22,39.89,-3.343,38.58,16.58,12.58,8.98,789,1,0
"2024-07-29 20:45:00",273,12.22,40.03,-3.316,38.94,16.68,10.56,9.5,792,1,0
"2024-07-29 20:50:00",274,12.22,40.16,0.119,38.97,16.34,11.73,9.49,795,1,0
"2024-07-29 20:55:00",275,12.22,40.3,0.169,39.33,17.67,13.93,10.94,798,1,0
"2024-07-29 21:00:00",276,12.22,40.44,0.293,39.46,16.24,14.18,9.4,801,1,0
"2024-07-29 21:05:00",277,12.22,40.58,-3.357,39.32,15.55,10.61,8.95,803,1,0
"2024-07-29 21:10:00",278,12.23,40.58,0.221,39.46,17.09,11.95,8.03,806,1,0
"2024-07-29 21:15:00",279,12.23,40.58,0.133,39.24,16.71,13,7.485,809,1,0
"2024-07-29 21:20:00",280,12.23,40.63,"NAN",39.34,16.34,14.45,9.11,812,1,0
"2024-07-29 21:25:00",281,12.23,40.58,0.371,39.37,15.35,13.84,8.56,815,1,0
"2024-07-29 21:30:00",282,12.23,40.49,-3.343,39.17,17.36,12.49,10.5,817,1,0
"2024-07-29 21:35:00",283,12.23,40.44,-3.357,39.09,16.61,11.91,9.43,820,1,0
"2024-07-29 21:40:00",284,12.23,40.35,-3.261,38.76,16.92,11.67,7.88,823,1,0
"2024-07-29 21:45:00",285,12.23,40.21,-3.334,38.52,15.96,11.09,8.63,826,1,0
"2024-07-29 21:50:00",286,12.23,40.07,-3.311,38.6,17.53,12.53,9.8,829,1,0
"2024-07-29 21:55:00",287,12.23,39.94,0.345,38.35,17.3,14.13,8.56,833,1,0
"2024-07-29 22:00:00",288,12.23,39.89,0.264,38.13,17.36,14.18,9.03,836,1,0
"2024-07-29 22:05:00",289,12.23,39.85,0.27,38.2,18.22,13.75,10.4,839,1,0
"2024-07-29 22:10:00",290,12.23,39.85,"NAN",38.28,18.15,13.02,10.32,842,1,0
"2024-07-29 22:15:00",291,12.24,39.8,0.262,38.15,17.54,12.99,9.29,845,1,0
"2024-07-29 22:20:00",292,12.24,39.66,0.264,38,16.99,13.15,8.98,848,1,0
"2024-07-29 22:25:00",293,12.24,39.44,0.26,37.78,18.25,12.12,9.53,851,1,0
"2024-07-29 22:30:00",294,12.24,39.17,0.248,36.94,18.6,12.13,9.28,854,1,0
"2024-07-29 22:35:00",295,12.23,38.82,0.277,36.29,18.9,11.64,9.16,857,1,0
"2024-07-29 22:40:00",296,12.23,38.38,-3.27,36.14,19.18,10.22,8.99,860,1,0
"2024-07-29 22:45:00",297,12.23,37.91,-3.274,35.88,19.62,11.26,9,863,1,0
"2024-07-29 22:50:00",298,12.23,37.48,0.504,35.48,20,13.71,8.97,867,1,0
"2024-07-29 22:55:00",299,12.23,37.06,0.367,35.37,20.65,13.92,9.2,870,1,0
"2024-07-29 23:00:00",300,12.23,36.73,0.318,35.03,22.08,13.01,10.54,873,1,0
"2024-07-29 23:05:00",301,12.23,36.44,0.317,34.81,21.3,12.83,9.27,876,1,0
"2024-07-29 23:10:00",302,12.23,36.28,0.302,34.76,22.43,10.68,10.66,879,1,0
"2024-07-29 23:15:00",303,12.23,36.16,-3.27,34.68,21.54,10.83,10.19,882,1,0
"2024-07-29 23:20:00",304,12.23,36.12,-3.247,34.96,20.92,12.53,9.59,885,1,0
"2024-07-29 23:25:00",305,12.23,36.08,0.48,35.14,20.82,14.04,9.55,889,1,0
"2024-07-29 23:30:00",306,12.23,36.08,0.324,35.19,21.44,13.5,9.95,892,1,0
"2024-07-29 23:35:00",307,12.23,36.08,"NAN",35.24,22.02,12.1,10.47,895,1,0
"2024-07-29 23:40:00",308,12.23,36.08,0.282,35.28,20.99,10.72,9.45,898,1,0
"2024-07-29 23:45:00",309,12.23,36.04,-3.288,35.23,20.58,10.34,9.6,901,1,0
"2024-07-29 23:50:00",310,12.23,36.04,-3.265,35.25,21.13,11.89,9.49,904,1,0
"2024-07-29 23:55:00",311,12.23,36.04,-3.297,35.09,22.77,13.22,11.2,908,1,0
"2024-07-30 00:00:00",312,12.23,35.96,0.374,35.01,21.23,14.04,8.69,911,1,0
"2024-07-30 00:05:00",313,12.23,35.92,"NAN",35.13,21.98,12.91,10.36,914,1,0
"2024-07-30 00:10:00",314,12.22,35.84,0.318,35.17,20.85,11.43,9.63,917,1,0
"2024-07-30 00:15:00",315,12.22,35.71,0.339,35,21.61,10.7,9.82,920,1,0
"2024-07-30 00:20:00",316,12.22,35.59,-3.261,34.67,22.53,11.88,10.7,923,1,0
"2024-07-30 00:25:00",317,12.22,35.44,0.449,34.51,21.47,14.38,9.64,927,1,0
"2024-07-30 00:30:00",318,12.22,35.32,0.422,33.8,22.12,13.33,8.61,930,1,0
"2024-07-30 00:35:00",319,12.22,35.16,0.379,33.44,22.43,12.02,9.53,933,1,0
"2024-07-30 00:40:00",320,12.22,35,0.309,33.52,22.5,10.6,10.05,936,1,0
"2024-07-30 00:45:00",321,12.22,34.88,-3.187,33.48,22.74,10.45,9.56,939,1,0
"2024-07-30 00:50:00",322,12.22,34.73,-3.224,33.49,22.57,10.27,9.4,942,1,0
"2024-07-30 00:55:00",323,12.22,34.58,-3.284,33.45,22.7,11.57,9.29,945,1,0
"2024-07-30 01:00:00",324,12.22,34.38,-3.27,33.28,22.74,13.33,9.12,949,1,0
"2024-07-30 01:05:00",325,12.22,34.19,0.433,33.08,23.18,13.85,9.26,952,1,0
"2024-07-30 01:10:00",326,12.22,34,0.403,32.96,23.87,11.73,9.52,955,1,0
"2024-07-30 01:15:00",327,12.22,33.81,-3.247,32.86,24.17,10.2,8.71,958,1,0
"2024-07-30 01:20:00",328,12.22,33.62,-3.326,32.84,24.21,10.29,9.62,961,1,0
"2024-07-30 01:25:00",329,12.22,33.4,-3.197,32.74,24.76,10.17,10.21,964,1,0
"2024-07-30 01:30:00",330,12.22,33.21,-3.303,32.43,24.76,11.64,10.04,967,1,0
"2024-07-30 01:35:00",331,12.21,33.03,0.544,32.03,25.44,14.26,10.19,971,1,0
"2024-07-30 01:40:00",332,12.21,32.84,0.545,31.7,25.44,14.08,10.05,974,1,0
"2024-07-30 01:45:00",333,12.21,32.7,0.44,31.34,25.34,12.21,8.61,977,1,0
"2024-07-30 01:50:00",334,12.21,32.55,-3.266,31.12,25.58,10.46,8.67,980,1,0
"2024-07-30 01:55:00",335,12.21,32.4,-3.28,30.86,25.44,11.3,9.34,983,1,0
"2024-07-30 02:00:00",336,12.21,32.26,-3.266,30.65,25.31,12.85,8.42,986,1,0
"2024-07-30 02:05:00",337,12.21,32.15,0.59,30.56,25.99,14.18,8.64,990,1,0
"2024-07-30 02:10:00",338,12.21,32.01,0.551,30.63,25.99,13.47,8.56,993,1,0
"2024-07-30 02:15:00",339,12.21,31.9,0.526,30.61,26.64,12.55,8.6,996,1,0
"2024-07-30 02:20:00",340,12.21,31.76,-3.284,30.63,26.57,10.28,9.4,999,1,0
"2024-07-30 02:25:00",341,12.21,31.62,-3.22,30.55,26.13,10.63,9.79,1002,1,0
"2024-07-30 02:30:00",342,12.21,31.55,-3.252,30.62,26.88,11.8,10.33,1005,1,0
"2024-07-30 02:35:00",343,12.21,31.47,0.66,30.57,26.64,13.67,9.36,1009,1,0
"2024-07-30 02:40:00",344,12.21,31.4,0.538,30.62,27.77,13.55,10.44,1012,1,0
"2024-07-30 02:45:00",345,12.21,31.33,0.511,30.71,27.33,11.84,9.65,1015,1,0
"2024-07-30 02:50:00",346,12.21,31.26,-3.262,30.76,27.29,10.24,9.8,1018,1,0
"2024-07-30 02:55:00",347,12.21,31.19,-3.275,30.61,27.26,10.47,9.87,1021,1,0
"2024-07-30 03:00:00",348,12.21,31.16,-3.248,30.78,27.15,11.97,9.7,1024,1,0
"2024-07-30 03:05:00",349,12.21,31.09,0.674,30.77,27.22,13.87,9.56,1028,1,0
"2024-07-30 03:10:00",350,12.21,31.02,0.541,30.8,27.81,13.46,10.55,1031,1,0
"2024-07-30 03:15:00",351,12.21,30.95,0.482,30.58,27.26,11.66,9.55,1034,1,0
"2024-07-30 03:20:00",352,12.2,30.88,0.481,30.45,27.98,10.55,9.97,1037,1,0
"2024-07-30 03:25:00",353,12.2,30.81,-3.236,30.53,27.98,10.08,10.38,1040,1,0
"2024-07-30 03:30:00",354,12.2,30.74,-3.266,30.38,27.09,12.77,9.64,1043,1,0
"2024-07-30 03:35:00",355,12.2,30.64,-3.229,30.23,27.94,13.4,10.04,1047,1,0
"2024-07-30 03:40:00",356,12.2,30.6,0.58,29.94,29.41,13.22,10.81,1050,1,0
"2024-07-30 03:45:00",357,12.2,30.53,0.515,30.13,28.56,12.5,9.76,1053,1,0
"2024-07-30 03:50:00",358,12.2,30.46,0.44,29.91,29.69,10.58,10.87,1056,1,0
"2024-07-30 03:55:00",359,12.2,30.4,0.484,29.76,28.94,10.43,9.69,1059,1,0
"2024-07-30 04:00:00",360,12.21,30.33,-3.156,29.96,29.59,9.99,10.7,1062,1,0
"2024-07-30 04:05:00",361,12.21,30.29,-3.255,29.89,29.62,9.78,10.69,1065,1,0
"2024-07-30 04:10:00",362,12.21,30.22,-3.216,29.74,28.46,10.84,9.3,1068,1,0
"2024-07-30 04:15:00",363,12.21,30.19,-3.216,29.51,29.35,10.89,10.22,1071,1,0
"2024-07-30 04:20:00",364,12.21,30.12,-3.303,29.67,28.63,12.14,9.8,1074,1,0
"2024-07-30 04:25:00",365,12.21,30.09,-3.229,29.76,29.07,12.45,8.39,1077,1,0
"2024-07-30 04:30:00",366,12.2,30.05,-3.193,29.81,29.35,12.42,10.49,1080,1,0
"2024-07-30 04:35:00",367,12.2,30.05,-3.303,29.84,28.25,12.44,9.37,1083,1,0
"2024-07-30 04:40:00",368,12.2,30.02,-3.216,29.35,28.7,12.51,9.42,1086,1,0
"2024-07-30 04:45:00",369,12.2,29.99,0.685,29.31,29.31,13.82,10.5,1090,1,0
"2024-07-30 04:50:00",370,12.2,29.95,0.662,29.61,28.12,13.68,9.27,1093,1,0
"2024-07-30 04:55:00",371,12.2,29.95,0.626,29.67,28.08,13.51,9.63,1096,1,0
"2024-07-30 05:00:00",372,12.2,29.92,0.62,29.55,29.96,13.23,10.71,1099,1,0
"2024-07-30 05:05:00",373,12.2,29.85,0.556,29.23,29.18,11.43,8.85,1102,1,0
"2024-07-30 05:10:00",374,12.2,29.82,-3.202,29.27,29.25,10.01,9.65,1105,1,0
"2024-07-30 05:15:00",375,12.2,29.78,-3.243,29.32,29.04,10.16,8.63,1108,1,0
"2024-07-30 05:20:00",376,12.2,29.75,-3.197,29.31,29.04,11.12,9.72,1111,1,0
"2024-07-30 05:25:00",377,12.2,29.72,-3.17,29.05,28.29,12.52,6.607,1114,1,0
"2024-07-30 05:30:00",378,12.2,29.62,0.612,28.86,28.97,13.69,8.54,1118,1,0
"2024-07-30 05:35:00",379,12.2,29.58,0.541,28.81,29.59,11.71,8.79,1121,1,0
"2024-07-30 05:40:00",380,12.2,29.55,-3.252,28.8,29.49,10.15,8.71,1124,1,0
"2024-07-30 05:45:00",381,12.2,29.48,-3.202,28.6,28.9,10.53,9.59,1127,1,0
"2024-07-30 05:50:00",382,12.2,29.45,-3.202,28.62,28.9,12.46,9.59,1130,1,0
"2024-07-30 05:55:00",383,12.2,29.42,-3.188,28.67,29.31,13.41,8.54,1134,1,0
"2024-07-30 06:00:00",384,12.2,29.35,0.672,28.62,29.49,13.87,9.3,1137,1,0
"2024-07-30 06:05:00",385,12.19,29.32,0.556,28.59,29.72,13.36,9.48,1140,1,0
"2024-07-30 06:10:00",386,12.2,29.28,0.616,28.54,29.96,12.32,9.51,1143,1,0
"2024-07-30 06:15:00",387,12.19,29.25,0.553,28.44,30.58,11.1,9.66,1146,1,0
"2024-07-30 06:20:00",388,12.2,29.22,-3.206,28.35,30.61,10.29,9.47,1149,1,0
"2024-07-30 06:25:00",389,12.19,29.18,-3.206,28.47,30.55,9.91,9.62,1152,1,0
"2024-07-30 06:30:00",390,12.19,29.18,-3.243,28.38,30.37,10.41,9.38,1155,1,0
"2024-07-30 06:35:00",391,12.19,29.15,-3.179,28.35,30.27,12,9.33,1158,1,0
"2024-07-30 06:40:00",392,12.19,29.12,-3.28,28.47,30.07,12.77,9.23,1161,1,0
"2024-07-30 06:45:00",393,12.19,29.08,0.685,28.33,30.44,13.85,9.51,1165,1,0
"2024-07-30 06:50:00",394,12.19,29.08,0.579,28.44,30.85,12.72,9.59,1168,1,0
"2024-07-30 06:55:00",395,12.19,29.05,0.502,28.52,31.02,10.95,9.82,1171,1,0
"2024-07-30 07:00:00",396,12.19,29.02,-3.252,28.53,31.06,9.94,9.63,1174,1,0
"2024-07-30 07:05:00",397,12.19,28.99,-3.206,28.38,30.92,10.85,9.53,1177,1,0
"2024-07-30 07:10:00",398,12.19,28.95,-3.234,28.44,30.75,12.37,9.39,1180,1,0
"2024-07-30 07:15:00",399,12.19,28.92,0.751,28.35,30.82,13.76,9.48,1184,1,0
"2024-07-30 07:20:00",400,12.19,28.92,0.673,28.56,30.58,14,9.46,1187,1,0
"2024-07-30 07:25:00",401,12.19,28.89,0.63,28.53,30.89,13.76,9.63,1190,1,0
"2024-07-30 07:30:00",402,12.19,28.89,0.607,28.52,31.3,12.29,10.39,1193,1,0
"2024-07-30 07:35:00",403,12.19,28.85,-3.239,28.55,31.02,10.01,9.7,1196,1,0
"2024-07-30 07:40:00",404,12.19,28.85,-3.211,28.53,30.89,10.59,9.55,1199,1,0
"2024-07-30 07:45:00",405,12.19,28.82,-3.211,28.42,30.72,11.93,9.37,1202,1,0
"2024-07-30 07:50:00",406,12.19,28.82,-3.156,28.46,30.82,13.46,9.36,1206,1,0
"2024-07-30 07:55:00",407,12.19,28.82,0.714,28.51,30.72,13.91,9.34,1209,1,0
"2024-07-30 08:00:00",408,12.19,28.79,0.581,28.54,31.09,11.89,9.82,1212,1,0
"2024-07-30 08:05:00",409,12.19,28.79,-3.216,28.61,31.43,10.28,9.57,1215,1,0
"2024-07-30 08:10:00",410,12.19,28.79,-3.16,28.4,31.13,10.21,9.66,1218,1,0
"2024-07-30 08:15:00",411,12.19,28.76,-3.193,28.42,30.85,11.48,9.65,1221,1,0
"2024-07-30 08:20:00",412,12.19,28.76,-3.211,28.38,30.75,12.96,9.39,1224,1,0
"2024-07-30 08:25:00",413,12.19,28.72,0.709,28.41,30.92,13.8,9.62,1228,1,0
"2024-07-30 08:30:00",414,12.19,28.72,0.627,28.27,30.89,12.72,7.388,1231,1,0
"2024-07-30 08:35:00",415,12.19,28.72,0.542,28.4,31.74,10.87,10.46,1234,1,0
"2024-07-30 08:40:00",416,12.19,28.69,-3.271,28.36,31.26,9.88,9.75,1237,1,0
"2024-07-30 08:45:00",417,12.19,28.69,-3.206,28.28,31.37,10.88,10.22,1240,1,0
"2024-07-30 08:50:00",418,12.19,28.66,-3.174,27.97,31.06,12.22,9.45,1243,1,0
"2024-07-30 08:55:00",419,12.19,28.62,0.738,28.03,31.09,13.54,9.41,1247,1,0
"2024-07-30 09:00:00",420,12.19,28.59,0.648,28.15,32.15,13.14,10.59,1250,1,0
"2024-07-30 09:05:00",421,12.19,28.59,0.534,28.24,31.85,11.45,10.39,1253,1,0
"2024-07-30 09:10:00",422,12.19,28.56,-3.206,27.95,31.74,9.87,10.31,1256,1,0
"2024-07-30 09:15:00",423,12.19,28.53,-3.225,28.1,31.26,10.35,8.07,1259,1,0
"2024-07-30 09:20:00",424,12.19,28.53,-3.243,28.29,30.96,11.74,9.49,1262,1,0
"2024-07-30 09:25:00",425,12.19,28.49,-3.179,27.97,31.78,13.16,10.38,1266,1,0
"2024-07-30 09:30:00",426,12.19,28.49,0.638,28.05,30.82,13.51,9.42,1269,1,0
"2024-07-30 09:35:00",427,12.19,28.46,0.581,28.13,31.54,11.94,10.27,1272,1,0
"2024-07-30 09:40:00",428,12.19,28.46,0.504,28.09,31.67,10.65,9.39,1275,1,0
"2024-07-30 09:45:00",429,12.19,28.43,-3.216,28.09,31.54,9.64,9.56,1278,1,0
"2024-07-30 09:50:00",430,12.19,28.43,-3.22,28.2,31.2,10.56,9.25,1281,1,0
"2024-07-30 09:55:00",431,12.19,28.4,-3.252,28.18,31.4,11.55,9.94,1284,1,0
"2024-07-30 10:00:00",432,12.18,28.33,-3.234,27.77,30.48,12.54,6.486,1287,1,0
"2024-07-30 10:05:00",433,12.19,28.3,-3.188,27.92,31.64,13.41,10.02,1291,1,0
"2024-07-30 10:10:00",434,12.18,28.27,0.771,27.89,31.47,13.81,9.38,1294,1,0
"2024-07-30 10:15:00",435,12.18,28.27,0.608,27.88,31.78,13.46,9.94,1297,1,0
"2024-07-30 10:20:00",436,12.18,28.2,0.576,27.64,32.94,13.28,10.6,1300,1,0
"2024-07-30 10:25:00",437,12.18,28.17,0.599,27.52,32.02,11.77,8.75,1303,1,0
"2024-07-30 10:30:00",438,12.18,28.14,0.491,27.57,32.5,11.35,9.44,1306,1,0
"2024-07-30 10:35:00",439,12.18,28.14,-3.252,27.69,32.77,9.92,10.37,1309,1,0
"2024-07-30 10:40:00",440,12.18,28.1,-3.183,27.61,32.84,9.68,10.49,1312,1,0
"2024-07-30 10:45:00",441,12.18,28.07,-3.229,27.69,33.15,9.75,10.57,1315,1,0
"2024-07-30 10:50:00",442,12.18,28.04,-3.243,27.45,31.78,9.93,7.151,1318,1,0
"2024-07-30 10:55:00",443,12.18,28.01,-3.229,27.3,31.85,10.22,7.152,1321,1,0
"2024-07-30 11:00:00",444,12.18,28.01,-3.174,27.39,32.63,10.68,9.47,1324,1,0
"2024-07-30 11:05:00",445,12.18,27.98,-3.193,27.27,32.19,11.12,9.57,1327,1,0
"2024-07-30 11:10:00",446,12.18,27.98,-3.147,27.69,32.5,11.93,10.27,1330,1,0
"2024-07-30 11:15:00",447,12.18,27.98,-3.211,27.48,32.56,12.46,10.25,1333,1,0
"2024-07-30 11:20:00",448,12.18,27.98,-3.216,27.31,32.97,13.13,10.49,1337,1,0
"2024-07-30 11:25:00",449,12.18,27.98,0.686,27.59,31.98,13.57,9.53,1340,1,0
"2024-07-30 11:30:00",450,12.18,27.98,0.552,27.36,31.78,13.01,7.152,1343,1,0
"2024-07-30 11:35:00",451,12.18,28.01,0.557,27.58,32.63,11.39,9.86,1346,1,0
"2024-07-30 11:40:00",452,12.18,28.07,-3.211,27.29,32.26,9.99,7.489,1349,1,0
"2024-07-30 11:45:00",453,12.18,28.1,-3.22,27.53,33.52,10.49,11.07,1352,1,0
"2024-07-30 11:50:00",454,12.18,28.17,-3.216,27.73,33.18,12,10.98,1355,1,0
"2024-07-30 11:55:00",455,12.18,28.27,-3.202,27.89,31.81,12.22,9.87,1358,1,0
"2024-07-30 12:00:00",456,12.18,28.4,0.596,28.07,31.98,13.2,9.24,1362,1,0
"2024-07-30 12:05:00",457,12.18,28.53,-3.21,28.33,32.19,9.87,8.02,1365,1,0
"2024-07-30 12:10:00",458,12.18,28.66,-3.257,28.29,33.28,10.09,11.23,1368,1,0
"2024-07-30 12:15:00",459,12.18,28.82,-3.229,28.95,31.67,11.3,10.84,1371,1,0
"2024-07-30 12:20:00",460,12.18,29.02,-3.216,29.06,30.37,12.52,10,1374,1,0
"2024-07-30 12:25:00",461,12.18,29.22,0.617,29.08,30.07,13.81,7.997,1378,1,0
"2024-07-30 12:30:00",462,12.18,29.45,0.517,29.36,29.86,13.13,10.31,1381,1,0
"2024-07-30 12:35:00",463,12.18,29.75,0.454,29.39,29.72,10.62,8.09,1384,1,0
"2024-07-30 12:40:00",464,12.18,30.02,-3.272,29.85,29.04,10.28,9.57,1387,1,0
"2024-07-30 12:45:00",465,12.18,30.33,-3.234,30.63,28.87,12.56,11.18,1390,1,0
"2024-07-30 12:50:00",466,12.18,30.67,0.64,30.68,29.55,13.91,11.74,1394,1,0
"2024-07-30 12:55:00",467,12.18,31.02,0.474,30.96,28.39,11.44,11.07,1397,1,0
"2024-07-30 13:00:00",468,12.18,31.33,-3.211,31.35,27.36,11.07,10.34,1400,1,0
"2024-07-30 13:05:00",469,12.18,31.65,-3.225,31.77,26.75,12.62,9.45,1403,1,0
"2024-07-30 13:10:00",470,12.18,31.97,0.585,31.86,26.71,13.91,10.99,1407,1,0
"2024-07-30 13:15:00",471,12.18,32.26,0.444,32.2,26.81,13.28,11.22,1410,1,0
"2024-07-30 13:20:00",472,12.19,32.55,0.425,32.41,26.74,11.2,11.38,1413,1,0
"2024-07-30 13:25:00",473,12.19,32.84,-3.271,32.68,27.33,9.95,11.85,1416,1,0
"2024-07-30 13:30:00",474,12.19,33.14,-3.28,31.98,25.34,10.9,9.42,1419,1,0
"2024-07-30 13:35:00",475,12.19,33.43,-3.216,32.23,24.93,12.91,10.24,1422,1,0
"2024-07-30 13:40:00",476,12.19,33.73,0.596,32.84,24.93,13.84,11.1,1426,1,0
"2024-07-30 13:45:00",477,12.19,34.04,0.523,33.41,24.42,14.26,10.33,1429,1,0
"2024-07-30 13:50:00",478,12.19,34.31,0.522,33.62,24.25,13.95,9.53,1432,1,0
"2024-07-30 13:55:00",479,12.18,34.61,0.457,33.8,24.62,12.74,11.11,1435,1,0
"2024-07-30 14:00:00",480,12.19,34.88,0.432,34.15,24.86,12.68,11.65,1438,1,0
"2024-07-30 14:05:00",481,12.19,35.16,0.378,34.38,23.63,12.79,10.52,1441,1,0
"2024-07-30 14:10:00",482,12.19,35.44,-3.279,34.47,23.18,10.11,10.63,1444,1,0
"2024-07-30 14:15:00",483,12.19,35.71,-3.252,34.58,22.57,10.68,10.14,1447,1,0
"2024-07-30 14:20:00",484,12.19,35.96,-3.215,34.7,22.05,12.94,9.91,1450,1,0
"2024-07-30 14:25:00",485,12.19,36.2,0.417,34.84,21.85,14.08,9.93,1454,1,0
"2024-07-30 14:30:00",486,12.19,36.4,0.383,34.85,22.16,13.48,9.94,1457,1,0
"2024-07-30 14:35:00",487,12.19,36.61,0.37,34.87,22.05,12.21,10.01,1460,1,0
"2024-07-30 14:40:00",488,12.19,36.73,0.329,34.88,21.71,10.8,10.12,1463,1,0
"2024-07-30 14:45:00",489,12.19,36.81,-3.256,34.66,21.64,10.48,10.07,1466,1,0
"2024-07-30 14:50:00",490,12.19,36.98,-3.302,34.83,21.33,12.16,9.12,1469,1,0
"2024-07-30 14:55:00",491,12.19,37.14,-3.279,34.89,20.96,12.69,9,1472,1,0
"2024-07-30 15:00:00",492,12.19,37.35,-3.256,35.44,20.65,12.6,10.21,1475,1,0
"2024-07-30 15:05:00",493,12.19,37.57,-3.256,35.89,20.48,12.83,10.2,1478,1,0
"2024-07-30 15:10:00",494,12.19,37.82,-3.196,36.33,20.07,12.97,9.81,1481,1,0
"2024-07-30 15:15:00",495,12.19,38.03,-3.284,36.6,19.83,13.58,10.13,1485,1,0
"2024-07-30 15:20:00",496,12.19,38.21,-3.238,36.81,19.35,13.41,9.91,1488,1,0
"2024-07-30 15:25:00",497,12.19,38.42,-3.343,37,19.32,13.08,9.99,1491,1,0
"2024-07-30 15:30:00",498,12.19,38.6,-3.297,37.14,18.97,12.19,9.51,1493,1,0
"2024-07-30 15:35:00",499,12.19,38.68,-3.238,37.14,19.21,12.2,10.02,1496,1,0
"2024-07-30 15:40:00",500,12.19,38.82,-3.311,37.36,19.32,10.54,10.3,1499,1,0
"2024-07-30 15:45:00",501,12.19,38.99,-3.284,37.42,18.63,11.18,9.48,1502,1,0
"2024-07-30 15:50:00",502,12.19,39.08,-3.265,37.39,18.36,13.03,9.29,1506,1,0
"2024-07-30 15:55:00",503,12.19,39.22,0.382,37.45,18.29,14.28,9.37,1509,1,0
"2024-07-30 16:00:00",504,12.19,39.35,0.31,37.57,18.43,13.54,9.51,1512,1,0
"2024-07-30 16:05:00",505,12.19,39.44,0.303,37.63,18.43,13.81,9.54,1515,1,0
"2024-07-30 16:10:00",506,12.19,39.57,0.335,37.66,18.46,13.42,10.06,1518,1,0
"2024-07-30 16:15:00",507,12.19,39.71,0.383,37.72,17.88,12.67,9.91,1521,1,0
"2024-07-30 16:20:00",508,12.19,39.85,"NAN",37.85,18.49,11.94,9.2,1524,1,0
"2024-07-30 16:25:00",509,12.19,39.94,"NAN",37.86,18.08,11.86,9.53,1527,1,0
"2024-07-30 16:30:00",510,12.19,40.07,0.313,38.07,17.64,11.88,9.32,1530,1,0
"2024-07-30 16:35:00",511,12.19,40.12,0.285,37.96,17.5,11.82,9.31,1533,1,0
"2024-07-30 16:40:00",512,12.19,40.26,0.173,37.94,17.84,11.8,9.02,1536,1,0
"2024-07-30 16:45:00",513,12.19,40.4,0.224,38,17.4,11.97,9.31,1539,1,0
"2024-07-30 16:50:00",514,12.19,40.54,"NAN",38.12,17.71,12.17,9.49,1542,1,0
"2024-07-30 16:55:00",515,12.19,40.67,0.277,38.38,17.43,13.24,9.34,1545,1,0
"2024-07-30 17:00:00",516,12.19,40.72,"NAN",38.53,17.06,13.34,9.21,1548,1,0
"2024-07-30 17:05:00",517,12.19,40.77,0.303,38.51,16.82,13.64,9.02,1551,1,0
"2024-07-30 17:10:00",518,12.19,40.82,0.231,38.62,16.82,14.12,9.02,1554,1,0
"2024-07-30 17:15:00",519,12.19,40.91,0.277,38.67,16.58,14.57,8.84,1557,1,0
"2024-07-30 17:20:00",520,12.19,41,-3.279,38.7,16.48,13.25,8.06,1560,1,0
"2024-07-30 17:25:00",521,12.19,41,-3.261,38.79,16.24,12.5,8.61,1562,1,0
"2024-07-30 17:30:00",522,12.19,40.91,-3.279,38.54,16.44,12.52,7.87,1565,1,0
"2024-07-30 17:35:00",523,12.19,40.91,-3.238,38.53,16.41,12.63,8.68,1568,1,0
"2024-07-30 17:40:00",524,12.19,40.91,-3.263,38.43,16.58,11.79,7.989,1571,1,0
"2024-07-30 17:45:00",525,12.19,41,-3.334,38.75,16.44,10.68,8.79,1574,1,0
"2024-07-30 17:50:00",526,12.19,41.1,0.264,38.63,16.41,10.75,8.84,1577,1,0
"2024-07-30 17:55:00",527,12.19,41.19,0.21,38.67,16.44,11.92,8.98,1580,1,0
"2024-07-30 18:00:00",528,12.19,41.29,0.233,38.89,16.37,13.27,9.11,1583,1,0
"2024-07-30 18:05:00",529,12.19,41.43,0.262,39.06,15.62,14.8,8.55,1586,1,0
"2024-07-30 18:10:00",530,12.19,41.52,-3.284,39.2,15.45,11.35,8.44,1588,1,0
"2024-07-30 18:15:00",531,12.2,41.57,0.227,39.1,15.93,11.36,8.13,1591,1,0
"2024-07-30 18:20:00",532,12.19,41.57,"NAN",39.34,15.58,13.15,8.67,1594,1,0
"2024-07-30 18:25:00",533,12.19,41.62,0.299,39.2,14.87,14.66,8.46,1597,1,0
"2024-07-30 18:30:00",534,12.19,41.62,-3.27,39.51,15.35,13.56,8.45,1600,1,0
"2024-07-30 18:35:00",535,12.19,41.67,-3.293,39.39,15.24,11.01,8.37,1602,1,0
"2024-07-30 18:40:00",536,12.19,41.72,0.185,39.36,15.52,11.72,8.63,1605,1,0
"2024-07-30 18:45:00",537,12.19,41.77,0.18,39.57,15.58,13.66,7.917,1608,1,0
"2024-07-30 18:50:00",538,12.19,41.77,0.343,39.33,16.44,14.12,10.22,1611,1,0
"2024-07-30 18:55:00",539,12.19,41.72,-3.311,39.78,15.55,11.24,7.075,1613,1,0
"2024-07-30 19:00:00",540,12.19,41.62,"NAN",39.66,16.23,11.03,9.95,1616,1,0
"2024-07-30 19:05:00",541,12.19,41.62,0.246,39.38,15.79,13.36,9.33,1619,1,0
"2024-07-30 19:10:00",542,12.19,41.67,0.323,39.57,15.17,14.81,7.58,1622,1,0
"2024-07-30 19:15:00",543,12.19,41.72,-3.293,39.6,14.63,10.51,8.49,1624,1,0
"2024-07-30 19:20:00",544,12.19,41.81,0.17,39.94,15.48,13.09,9.68,1627,1,0
"2024-07-30 19:25:00",545,12.19,41.91,0.219,39.88,14.7,14.25,8.53,1630,1,0
"2024-07-30 19:30:00",546,12.19,42.01,-3.357,40.14,15.93,10.58,7.451,1632,1,0
"2024-07-30 19:35:00",547,12.19,42.06,0.155,40.38,15.28,13.49,9.54,1635,1,0
"2024-07-30 19:40:00",548,12.19,42.06,-3.32,40.5,14.42,12.73,8.52,1637,1,0
"2024-07-30 19:45:00",549,12.19,42.06,0.22,40.62,14.83,11.86,8.56,1640,1,0
"2024-07-30 19:50:00",550,12.19,42.11,0.201,40.5,14.59,15.02,8.86,1643,1,0
"2024-07-30 19:55:00",551,12.19,42.2,-3.288,40.86,14.49,10.65,8.81,1645,1,0
"2024-07-30 20:00:00",552,12.19,42.25,0.17,40.95,14.52,14.04,8.95,1648,1,0
"2024-07-30 20:05:00",553,12.19,42.35,-3.334,41.17,14.01,11.66,8.36,1650,1,0
"2024-07-30 20:10:00",554,12.19,42.4,0.184,41.23,14.39,11.96,8.94,1653,1,0
"2024-07-30 20:15:00",555,12.19,42.4,0.278,41.31,13.98,14.83,6.784,1656,1,0
"2024-07-30 20:20:00",556,12.19,42.4,0.136,41.31,14.29,10.82,8.7,1658,1,0
"2024-07-30 20:25:00",557,12.19,42.3,0.166,41.07,14.35,13.13,8.75,1661,1,0
"2024-07-30 20:30:00",558,12.19,42.25,-3.366,40.98,14.18,13.59,8.41,1664,1,0
"2024-07-30 20:35:00",559,12.19,42.2,0.156,40.82,14.94,11.85,9.52,1666,1,0
"2024-07-30 20:40:00",560,12.19,42.2,0.234,40.7,14.42,14.86,8.63,1669,1,0
"2024-07-30 20:45:00",561,12.19,42.11,-3.357,40.73,14.42,10.89,8.55,1671,1,0
"2024-07-30 20:50:00",562,12.19,42.06,0.145,40.73,14.22,12.85,8.47,1674,1,0
"2024-07-30 20:55:00",563,12.19,42.06,-3.366,40.67,14.76,13.63,8.98,1677,1,0
"2024-07-30 21:00:00",564,12.19,42.06,"NAN",40.65,15.45,11.31,7.491,1679,1,0
"2024-07-30 21:05:00",565,12.19,42.11,0.259,40.94,14.42,14.54,8.74,1682,1,0
"2024-07-30 21:10:00",566,12.19,42.16,-3.352,41.02,14.18,12.23,8.46,1684,1,0
"2024-07-30 21:15:00",567,12.19,42.2,0.119,40.95,14.35,11.26,8.72,1687,1,0
"2024-07-30 21:20:00",568,12.19,42.2,0.198,41.07,14.22,14.96,8.63,1690,1,0
"2024-07-30 21:25:00",569,12.19,42.25,-3.371,41.22,14.29,10.66,8.76,1692,1,0
"2024-07-30 21:30:00",570,12.19,42.3,0.197,41.34,14.35,13.79,8.91,1695,1,0
"2024-07-30 21:35:00",571,12.19,42.3,-3.293,41.34,13.84,13.68,8.42,1698,1,0
"2024-07-30 21:40:00",572,12.19,42.35,0.134,41.33,14.15,10.92,8.64,1700,1,0
"2024-07-30 21:45:00",573,12.19,42.35,0.177,41.32,14.25,13.97,8.69,1703,1,0
"2024-07-30 21:50:00",574,12.18,42.35,-3.32,41.11,13.91,11.55,8.42,1705,1,0
"2024-07-30 21:55:00",575,12.18,42.35,0.235,40.99,14.32,11.76,8.6,1708,1,0
"2024-07-30 22:00:00",576,12.18,42.16,0.208,40.88,14.35,13.22,8.43,1711,1,0
"2024-07-30 22:05:00",577,12.18,41.86,0.291,40.12,14.49,13.76,8.3,1714,1,0
"2024-07-30 22:10:00",578,12.18,41.52,0.246,39.81,14.63,13.99,7.901,1717,1,0
"2024-07-30 22:15:00",579,12.18,41.19,0.246,39.18,14.97,14.17,8.32,1720,1,0
"2024-07-30 22:20:00",580,12.18,40.96,0.257,38.72,14.66,14.36,7.721,1723,1,0
"2024-07-30 22:25:00",581,12.18,40.77,0.401,38.66,14.87,14.46,7.926,1726,1,0
"2024-07-30 22:30:00",582,12.18,40.63,-3.339,38.7,15.28,12.62,8.16,1728,1,0
"2024-07-30 22:35:00",583,12.18,40.44,-3.343,38.75,15.48,10.62,7.173,1731,1,0
"2024-07-30 22:40:00",584,12.18,40.3,-3.348,38.61,15.79,10.54,8.63,1734,1,0
"2024-07-30 22:45:00",585,12.18,40.16,-3.311,38.57,15.83,10.69,8.23,1737,1,0
"2024-07-30 22:50:00",586,12.18,40.12,0.156,38.53,16.2,11.75,8.6,1740,1,0
"2024-07-30 22:55:00",587,12.18,40.12,0.198,38.66,16.1,14.09,7.805,1743,1,0
"2024-07-30 23:00:00",588,12.18,40.12,-3.316,38.66,15.18,13.5,8.4,1746,1,0
"2024-07-30 23:05:00",589,12.18,40.16,-3.284,38.91,15.86,10.54,7.913,1748,1,0
"2024-07-30 23:10:00",590,12.18,40.21,0.123,38.96,16.03,12.75,8.07,1751,1,0
"2024-07-30 23:15:00",591,12.18,40.21,0.285,39.06,15.38,14.84,7.626,1754,1,0
"2024-07-30 23:20:00",592,12.18,40.21,-3.265,39.24,14.63,12.12,8.23,1756,1,0
"2024-07-30 23:25:00",593,12.18,40.16,-3.343,39.13,15.42,10.53,7.579,1759,1,0
"2024-07-30 23:30:00",594,12.18,40.12,"NAN",39.23,15.62,11.02,7.665,1762,1,0
"2024-07-30 23:35:00",595,12.18,40.03,0.145,38.74,15.59,11.46,8.25,1765,1,0
"2024-07-30 23:40:00",596,12.18,39.89,0.174,38.66,16.17,11.72,7.844,1768,1,0
"2024-07-30 23:45:00",597,12.18,39.8,0.212,38.59,16.07,12.14,8.43,1771,1,0
"2024-07-30 23:50:00",598,12.18,39.66,0.191,38.38,16.2,11.94,8.45,1774,1,0
"2024-07-30 23:55:00",599,12.18,39.53,"NAN",38.42,16.1,12.27,8.81,1777,1,0
"2024-07-31 00:00:00",600,12.18,39.39,0.231,38.32,16.61,11.8,7.698,1780,1,0
"2024-07-31 00:05:00",601,12.17,39.22,0.237,37.86,16.85,11.76,7.799,1783,1,0
"2024-07-31 00:10:00",602,12.17,39.08,-3.274,37.72,16.78,10.55,8.39,1786,1,0
"2024-07-31 00:15:00",603,12.18,38.9,0.239,37.56,17.19,10.83,8.59,1789,1,0
"2024-07-31 00:20:00",604,12.18,38.73,0.245,37.37,17.78,11.95,8.61,1792,1,0
"2024-07-31 00:25:00",605,12.18,38.51,0.256,37.09,17.67,11.66,7.842,1795,1,0
"2024-07-31 00:30:00",606,12.18,38.34,0.264,36.98,17.81,11.73,8.56,1798,1,0
"2024-07-31 00:35:00",607,12.18,38.08,0.287,36.8,18.15,11.66,8.68,1801,1,0
"2024-07-31 00:40:00",608,12.18,37.86,0.381,36.63,18.22,11.47,8.63,1804,1,0
"2024-07-31 00:45:00",609,12.18,37.65,0.332,36.57,18.73,10.95,9.09,1807,1,0
"2024-07-31 00:50:00",610,12.17,37.4,-3.261,36.48,19.14,10.19,9.17,1810,1,0
"2024-07-31 00:55:00",611,12.17,37.19,-3.297,36.28,18.91,10.31,8.98,1813,1,0
"2024-07-31 01:00:00",612,12.17,36.98,-3.293,36.23,19.52,11.12,7.453,1816,1,0
"2024-07-31 01:05:00",613,12.17,36.77,-3.274,35.86,19.04,13.22,8.87,1820,1,0
"2024-07-31 01:10:00",614,12.17,36.57,0.388,35.75,19.32,14.09,8.58,1823,1,0
"2024-07-31 01:15:00",615,12.17,36.4,0.353,35.48,20.55,13.89,8.51,1826,1,0
"2024-07-31 01:20:00",616,12.17,36.2,0.379,35.32,19.83,12.83,9.05,1829,1,0
"2024-07-31 01:25:00",617,12.17,35.96,0.375,35.15,20.58,11.31,8.2,1832,1,0
"2024-07-31 01:30:00",618,12.17,35.8,-3.261,34.63,20.72,10.12,8.16,1835,1,0
"2024-07-31 01:35:00",619,12.17,35.59,-3.307,34.06,20.65,10.11,9.34,1838,1,0
"2024-07-31 01:40:00",620,12.17,35.44,-3.293,34.01,21.06,10.06,9.49,1841,1,0
"2024-07-31 01:45:00",621,12.17,35.24,-3.298,34,21.3,10.48,8.96,1844,1,0
"2024-07-31 01:50:00",622,12.17,35.08,-3.298,34.04,21.3,11.68,8.85,1847,1,0
"2024-07-31 01:55:00",623,12.17,34.88,-3.247,33.96,21.54,12.07,8.85,1850,1,0
"2024-07-31 02:00:00",624,12.17,34.73,-3.321,33.82,21.68,13.47,8.86,1854,1,0
"2024-07-31 02:05:00",625,12.17,34.54,0.566,33.75,22.5,14.01,9.02,1857,1,0
"2024-07-31 02:10:00",626,12.16,34.42,0.421,33.71,22.67,13.66,9.44,1860,1,0
"2024-07-31 02:15:00",627,12.16,34.27,0.454,33.68,22.84,12.57,9.33,1863,1,0
"2024-07-31 02:20:00",628,12.16,34.15,0.41,33.61,23.08,11.48,9.74,1866,1,0
"2024-07-31 02:25:00",629,12.16,34.04,-3.271,33.5,22.64,10.44,9.53,1869,1,0
"2024-07-31 02:30:00",630,12.16,33.92,-3.289,33.42,23.08,10.22,9.68,1872,1,0
"2024-07-31 02:35:00",631,12.16,33.81,-3.28,33.39,23.12,11.65,9.65,1875,1,0
"2024-07-31 02:40:00",632,12.16,33.7,-3.243,33.29,23.46,13.4,9.84,1879,1,0
"2024-07-31 02:45:00",633,12.16,33.62,0.526,33.3,23.56,14.02,10.13,1882,1,0
"2024-07-31 02:50:00",634,12.16,33.51,0.45,33.16,24.59,12.79,10.66,1885,1,0
"2024-07-31 02:55:00",635,12.16,33.43,0.371,33.15,23.94,11.19,9.71,1888,1,0
"2024-07-31 03:00:00",636,12.16,33.36,-3.22,33.11,24.69,9.97,10.61,1891,1,0
"2024-07-31 03:05:00",637,12.16,33.29,-3.271,32.97,23.25,10.79,9.49,1894,1,0
"2024-07-31 03:10:00",638,12.16,33.21,-3.225,33.05,25.14,12.46,10.76,1897,1,0
"2024-07-31 03:15:00",639,12.16,33.14,0.592,32.94,24.76,13.54,10.45,1901,1,0
"2024-07-31 03:20:00",640,12.16,33.06,0.488,32.58,23.63,13.72,9.5,1904,1,0
"2024-07-31 03:25:00",641,12.16,32.99,0.465,32.23,23.94,12.97,9.61,1907,1,0
"2024-07-31 03:30:00",642,12.16,32.92,0.494,31.97,24.55,11.66,8.72,1910,1,0
"2024-07-31 03:35:00",643,12.16,32.84,0.436,31.92,24.55,10.52,8.69,1913,1,0
"2024-07-31 03:40:00",644,12.16,32.77,-3.284,32.12,24.97,10.36,9.43,1916,1,0
"2024-07-31 03:45:00",645,12.16,32.7,-3.22,32.17,24.56,9.89,9.64,1919,1,0
"2024-07-31 03:50:00",646,12.16,32.62,-3.234,32.16,25.41,10.35,10.21,1922,1,0
"2024-07-31 03:55:00",647,12.15,32.59,-3.24,32.13,25.03,11.16,9.9,1925,1,0
"2024-07-31 04:00:00",648,12.15,32.51,-3.294,32.45,24.35,11.98,9.57,1928,1,0
"2024-07-31 04:05:00",649,12.15,32.48,-3.266,31.88,24.66,12.89,9.62,1931,1,0
"2024-07-31 04:10:00",650,12.15,32.44,0.682,32.33,24.83,13.65,9.81,1935,1,0
"2024-07-31 04:15:00",651,12.15,32.37,0.556,32.18,24.49,14.24,8.43,1938,1,0
"2024-07-31 04:20:00",652,12.15,32.33,0.473,32.37,24.69,13.6,8.49,1941,1,0
"2024-07-31 04:25:00",653,12.15,32.3,0.52,32.31,25.03,13.52,9.18,1944,1,0
"2024-07-31 04:30:00",654,12.15,32.22,0.45,32.45,24.73,12.9,9.77,1947,1,0
"2024-07-31 04:35:00",655,12.15,32.19,0.556,32.33,25.62,12.82,10.33,1950,1,0
"2024-07-31 04:40:00",656,12.15,32.15,0.512,32.29,25.55,12.77,10.29,1953,1,0
"2024-07-31 04:45:00",657,12.15,32.08,0.454,31.99,25.48,12.7,10.14,1956,1,0
"2024-07-31 04:50:00",658,12.15,32.04,0.53,32.07,25.75,12,10.21,1959,1,0
"2024-07-31 04:55:00",659,12.15,31.97,0.547,31.75,26.06,11.08,10.18,1962,1,0
"2024-07-31 05:00:00",660,12.15,31.9,0.454,31.37,26.16,10.51,9.72,1965,1,0
"2024-07-31 05:05:00",661,12.15,31.83,-3.183,31.24,26.37,10.16,9.7,1968,1,0
"2024-07-31 05:10:00",662,12.15,31.76,-3.193,31.16,26.54,9.89,9.79,1971,1,0
"2024-07-31 05:15:00",663,12.15,31.72,-3.216,31.27,26.54,10.87,10.34,1974,1,0
"2024-07-31 05:20:00",664,12.15,31.62,-3.271,31.39,26.27,10.46,9.64,1977,1,0
"2024-07-31 05:25:00",665,12.15,31.58,-3.199,31.36,26.13,11.84,8.66,1980,1,0
"2024-07-31 05:30:00",666,12.15,31.55,-3.206,31.31,26.09,12.65,9.57,1983,1,0
"2024-07-31 05:35:00",667,12.15,31.51,-3.248,31.22,26.09,13.24,9.66,1987,1,0
"2024-07-31 05:40:00",668,12.15,31.47,0.591,31.34,26.47,13.68,9.75,1990,1,0
"2024-07-31 05:45:00",669,12.15,31.44,0.565,31.23,27.46,12.79,10.68,1993,1,0
"2024-07-31 05:50:00",670,12.15,31.37,0.473,31.03,27.29,11.62,9.1,1996,1,0
"2024-07-31 05:55:00",671,12.14,31.33,0.454,30.88,26.98,10.52,10.16,1999,1,0
"2024-07-31 06:00:00",672,12.14,31.26,-3.284,30.69,28.83,10.06,11.21,2002,1,0
"2024-07-31 06:05:00",673,12.14,31.23,-3.147,30.71,28.52,10.41,11.04,2005,1,0
"2024-07-31 06:10:00",674,12.14,31.16,-3.22,30.81,27.63,10.51,10.63,2008,1,0
"2024-07-31 06:15:00",675,12.14,31.16,-3.225,30.63,27.02,11.85,8.81,2011,1,0
"2024-07-31 06:20:00",676,12.14,31.12,-3.252,30.79,27.81,12.16,10.37,2014,1,0
"2024-07-31 06:25:00",677,12.14,31.09,-3.253,30.92,28.01,12.64,10.86,2017,1,0
"2024-07-31 06:30:00",678,12.14,31.09,0.656,30.74,27.33,13.89,10.46,2021,1,0
"2024-07-31 06:35:00",679,12.14,31.05,0.598,31.03,27.36,14.01,9.67,2024,1,0
"2024-07-31 06:40:00",680,12.14,31.02,0.601,30.65,27.63,13.07,9.73,2027,1,0
"2024-07-31 06:45:00",681,12.14,30.98,0.544,30.68,27.91,11.41,10.25,2030,1,0
"2024-07-31 06:50:00",682,12.14,30.95,-3.206,30.52,27.91,9.96,10.2,2033,1,0
"2024-07-31 06:55:00",683,12.14,30.88,-3.239,30.49,27.74,10.37,9.06,2036,1,0
"2024-07-31 07:00:00",684,12.14,30.88,-3.206,30.32,27.7,10.92,9.04,2039,1,0
"2024-07-31 07:05:00",685,12.14,30.84,-3.257,30.26,28.05,12.85,10.57,2042,1,0
"2024-07-31 07:10:00",686,12.14,30.84,0.673,30.34,27.64,13.81,8.95,2046,1,0
"2024-07-31 07:15:00",687,12.14,30.81,0.57,30.33,27.47,13.9,8.89,2049,1,0
"2024-07-31 07:20:00",688,12.14,30.81,0.544,30.45,27.98,13.02,10.59,2052,1,0
"2024-07-31 07:25:00",689,12.14,30.81,0.542,30.49,27.77,11.92,10.19,2055,1,0
"2024-07-31 07:30:00",690,12.14,30.78,-3.229,30.31,27.67,10.37,8.97,2058,1,0
"2024-07-31 07:35:00",691,12.14,30.78,-3.257,30.3,28.05,10.4,10.63,2061,1,0
"2024-07-31 07:40:00",692,12.14,30.74,-3.262,30.31,28.56,11,10.81,2064,1,0
"2024-07-31 07:45:00",693,12.14,30.74,-3.22,30.32,27.77,12.7,10.34,2067,1,0
"2024-07-31 07:50:00",694,12.14,30.74,0.619,30.1,27.57,13.93,8.86,2071,1,0
"2024-07-31 07:55:00",695,12.14,30.71,0.527,29.91,27.88,13.42,8.96,2074,1,0
"2024-07-31 08:00:00",696,12.14,30.71,0.529,30.02,28.39,12.09,9.2,2077,1,0
"2024-07-31 08:05:00",697,12.14,30.67,-3.202,29.95,28.49,10.42,9.26,2080,1,0
"2024-07-31 08:10:00",698,12.14,30.67,-3.147,29.95,28.05,10.35,9.02,2083,1,0
"2024-07-31 08:15:00",699,12.14,30.64,-3.206,29.92,27.84,11.69,8.92,2086,1,0
"2024-07-31 08:20:00",700,12.14,30.64,-3.215,30.07,28.12,13.27,10.49,2090,1,0
"2024-07-31 08:25:00",701,12.14,30.6,0.588,30.02,27.74,13.9,8.83,2093,1,0
"2024-07-31 08:30:00",702,12.14,30.6,0.558,30.03,28.08,12.64,8.96,2096,1,0
"2024-07-31 08:35:00",703,12.14,30.57,0.489,30.03,28.15,10.92,9.08,2099,1,0
"2024-07-31 08:40:00",704,12.14,30.53,-3.225,30.01,27.95,10.18,9.03,2102,1,0
"2024-07-31 08:45:00",705,12.14,30.53,-3.234,30.05,27.81,11.23,8.9,2105,1,0
"2024-07-31 08:50:00",706,12.14,30.53,-3.275,29.79,27.6,12.21,8.85,2108,1,0
"2024-07-31 08:55:00",707,12.14,30.53,0.712,29.85,27.43,13.64,8.75,2112,1,0
"2024-07-31 09:00:00",708,12.14,30.5,0.562,30.04,27.81,13.35,9.98,2115,1,0
"2024-07-31 09:05:00",709,12.14,30.46,0.601,29.95,28.25,12.48,9.07,2118,1,0
"2024-07-31 09:10:00",710,12.14,30.43,0.473,29.75,28.29,11.24,9.79,2121,1,0
"2024-07-31 09:15:00",711,12.14,30.4,-3.239,29.8,28.32,10.13,9.75,2124,1,0
"2024-07-31 09:20:00",712,12.14,30.36,-3.257,29.71,28.94,10.14,9.34,2127,1,0
"2024-07-31 09:25:00",713,12.13,30.33,-3.202,29.76,28.32,10.27,9.64,2130,1,0
"2024-07-31 09:30:00",714,12.13,30.26,-3.211,29.62,28.08,10.76,9.45,2133,1,0
"2024-07-31 09:35:00",715,12.13,30.22,-3.234,29.45,29.07,11.07,10.55,2136,1,0
"2024-07-31 09:40:00",716,12.13,30.16,-3.146,29.55,28.84,11.4,9.9,2139,1,0
"2024-07-31 09:45:00",717,12.13,30.12,-3.179,29.3,28.46,11.9,9.44,2142,1,0
"2024-07-31 09:50:00",718,12.13,30.05,-3.23,29.17,29.01,11.74,8.56,2145,1,0
"2024-07-31 09:55:00",719,12.13,29.99,-3.174,29.16,28.87,11.76,9.34,2148,1,0
"2024-07-31 10:00:00",720,12.13,29.92,-3.225,29.33,29.11,11.85,9.28,2151,1,0
"2024-07-31 10:05:00",721,12.13,29.85,-3.266,29.18,29.11,11.83,9.25,2154,1,0
"2024-07-31 10:10:00",722,12.13,29.82,-3.197,29.35,29.31,11.96,9.36,2157,1,0
"2024-07-31 10:15:00",723,12.13,29.78,-3.22,29.39,29.25,11.94,9.32,2160,1,0
"2024-07-31 10:20:00",724,12.13,29.75,-3.211,29.38,29.38,11.89,9.3,2163,1,0
"2024-07-31 10:25:00",725,12.13,29.72,-3.183,29.39,29.45,11.9,9.37,2166,1,0
"2024-07-31 10:30:00",726,12.13,29.68,-3.234,29.44,29.28,11.81,9.66,2169,1,0
"2024-07-31 10:35:00",727,12.13,29.62,-3.204,29.4,29.42,11.73,9.47,2172,1,0
"2024-07-31 10:40:00",728,12.13,29.62,-3.115,29.39,29.31,11.79,9.36,2175,1,0
"2024-07-31 10:45:00",729,12.13,29.58,-3.271,29.27,29.49,12.61,9.5,2178,1,0
"2024-07-31 10:50:00",730,12.13,29.55,0.659,29.24,30.14,13.75,10.33,2182,1,0
"2024-07-31 10:55:00",731,12.13,29.52,0.662,29.18,29.79,13.79,9.69,2185,1,0
"2024-07-31 11:00:00",732,12.13,29.48,0.651,28.96,29.86,13.7,9.66,2188,1,0
"2024-07-31 11:05:00",733,12.13,29.45,0.559,29.05,30.31,11.5,10.47,2191,1,0
"2024-07-31 11:10:00",734,12.13,29.42,-3.216,29.03,30.48,9.7,10.38,2194,1,0
"2024-07-31 11:15:00",735,12.13,29.38,-3.165,28.97,29.93,9.58,8.96,2197,1,0
"2024-07-31 11:20:00",736,12.13,29.38,-3.202,29.02,30.14,9.71,9.92,2200,1,0
"2024-07-31 11:25:00",737,12.13,29.38,-3.262,29.09,30.82,9.84,10.9,2203,1,0
"2024-07-31 11:30:00",738,12.13,29.38,-3.193,29.27,29.79,10.3,9.74,2206,1,0
"2024-07-31 11:35:00",739,12.13,29.45,-3.239,29.55,30.44,11.04,8.44,2209,1,0
"2024-07-31 11:40:00",740,12.13,29.48,-3.188,29.45,29.72,12.17,9.71,2212,1,0
"2024-07-31 11:45:00",741,12.13,29.55,0.688,29.45,30.03,13.51,10.78,2216,1,0
"2024-07-31 11:50:00",742,12.13,29.62,0.525,29.42,29.49,13.31,9.8,2219,1,0
"2024-07-31 11:55:00",743,12.13,29.75,0.5,29.59,29.59,11.83,10.02,2222,1,0
"2024-07-31 12:00:00",744,12.13,29.82,-3.266,29.65,29.55,10.27,10.18,2225,1,0
"2024-07-31 12:05:00",745,12.13,29.95,-3.257,29.7,29.38,10.55,10.15,2228,1,0
"2024-07-31 12:10:00",746,12.13,30.09,-3.243,29.83,29.01,11.43,9.46,2231,1,0
"2024-07-31 12:15:00",747,12.13,30.29,-3.234,29.86,28.05,13.01,9.9,2235,1,0
"2024-07-31 12:20:00",748,12.13,30.5,0.691,29.86,27.67,13.87,9.12,2238,1,0
"2024-07-31 12:25:00",749,12.13,30.78,0.662,30.28,27.4,14.06,9.17,2241,1,0
"2024-07-31 12:30:00",750,12.13,31.05,0.499,30.72,27.33,13.88,10.21,2244,1,0
"2024-07-31 12:35:00",751,12.13,31.3,0.499,31.59,27.3,12.62,11,2247,1,0
"2024-07-31 12:40:00",752,12.13,31.55,0.466,32.05,26.99,11.52,11,2250,1,0
"2024-07-31 12:45:00",753,12.13,31.76,0.387,32.22,26.64,10.49,10.95,2253,1,0
"2024-07-31 12:50:00",754,12.13,31.97,-3.225,32.18,26.16,10.01,10.45,2256,1,0
"2024-07-31 12:55:00",755,12.13,32.19,-3.216,32.16,25.45,10.8,9.17,2259,1,0
"2024-07-31 13:00:00",756,12.13,32.4,-3.262,32.19,25.03,12.54,9.01,2262,1,0
"2024-07-31 13:05:00",757,12.13,32.59,0.524,32.27,24.73,13.91,9.78,2266,1,0
"2024-07-31 13:10:00",758,12.13,32.77,0.455,32.51,24.9,13.21,9.96,2269,1,0
"2024-07-31 13:15:00",759,12.13,32.95,0.45,32.57,24.86,11.77,10.06,2272,1,0
"2024-07-31 13:20:00",760,12.13,33.17,-3.211,32.6,24.86,10.46,9.25,2275,1,0
"2024-07-31 13:25:00",761,12.13,33.36,-3.215,32.61,24.62,10.03,9.23,2278,1,0
"2024-07-31 13:30:00",762,12.13,33.55,-3.229,32.52,24.25,10.94,9.14,2281,1,0
"2024-07-31 13:35:00",763,12.13,33.7,-3.229,32.7,23.9,12.3,9.84,2284,1,0
"2024-07-31 13:40:00",764,12.13,33.85,-3.262,32.75,23.32,12.69,9.96,2287,1,0
"2024-07-31 13:45:00",765,12.13,34,0.553,32.72,24.38,14.15,10.59,2291,1,0
"2024-07-31 13:50:00",766,12.13,34.15,0.486,32.95,23.15,14.39,10.07,2294,1,0
"2024-07-31 13:55:00",767,12.13,34.34,0.519,33.47,23.22,14.17,10.03,2297,1,0
"2024-07-31 14:00:00",768,12.13,34.54,0.562,33.86,22.91,14.21,9.77,2300,1,0
"2024-07-31 14:05:00",769,12.13,34.77,0.57,34.09,22.74,14.33,9.77,2303,1,0
"2024-07-31 14:10:00",770,12.13,34.96,0.505,34.14,22.64,13.93,9.9,2306,1,0
"2024-07-31 14:15:00",771,12.13,35.2,0.461,34.41,23.53,13.02,10.88,2309,1,0
"2024-07-31 14:20:00",772,12.13,35.48,"NAN",34.7,23.08,12.15,10.85,2312,1,0
"2024-07-31 14:25:00",773,12.13,35.75,0.332,34.99,22.06,10.84,10.45,2315,1,0
"2024-07-31 14:30:00",774,12.13,36.04,-3.243,35.17,21.61,10.59,10,2318,1,0
"2024-07-31 14:35:00",775,12.13,36.28,-3.211,35.4,20.93,12.11,9.69,2321,1,0
"2024-07-31 14:40:00",776,12.13,36.53,-3.234,35.44,21.06,12.42,8.49,2324,1,0
"2024-07-31 14:45:00",777,12.13,36.77,0.525,35.65,20.34,13.99,9.51,2328,1,0
"2024-07-31 14:50:00",778,12.13,37.02,0.509,35.56,20.1,14.49,9.59,2331,1,0
"2024-07-31 14:55:00",779,12.13,37.31,0.446,35.63,20.07,14.44,8.86,2334,1,0
"2024-07-31 15:00:00",780,12.13,37.57,0.447,35.75,19.83,13.98,8.85,2337,1,0
"2024-07-31 15:05:00",781,12.13,37.91,-3.256,36.17,19.32,12.81,9.83,2339,1,0
"2024-07-31 15:10:00",782,12.13,38.21,-3.298,36.69,20.24,11,11.08,2342,1,0
"2024-07-31 15:15:00",783,12.13,38.47,-3.307,37.24,18.63,10.51,9.84,2345,1,0
"2024-07-31 15:20:00",784,12.13,38.73,0.327,37.4,20.14,11.66,8.94,2348,1,0
"2024-07-31 15:25:00",785,12.13,38.99,0.264,37.32,19.04,13.01,10.42,2351,1,0
"2024-07-31 15:30:00",786,12.13,39.26,0.314,37.77,18.6,13.16,10.26,2354,1,0
"2024-07-31 15:35:00",787,12.13,39.48,0.37,37.68,18.05,14.18,9.76,2357,1,0
"2024-07-31 15:40:00",788,12.13,39.75,0.468,38.36,17.74,13.72,9.75,2360,1,0
"2024-07-31 15:45:00",789,12.13,39.98,0.432,38.55,17.47,13.79,9.62,2363,1,0
"2024-07-31 15:50:00",790,12.13,40.21,-3.251,38.68,17.02,12.98,9.02,2365,1,0
"2024-07-31 15:55:00",791,12.13,40.44,-3.247,38.83,17.02,11.35,9.4,2368,1,0
"2024-07-31 16:00:00",792,12.13,40.63,0.187,39.03,17.37,11.04,9.88,2371,1,0
"2024-07-31 16:05:00",793,12.13,40.77,0.282,39.16,17.13,12.2,9.76,2374,1,0
"2024-07-31 16:10:00",794,12.13,40.96,0.313,39.26,16.61,13.44,9.41,2377,1,0
"2024-07-31 16:15:00",795,12.13,41.1,"NAN",39.35,16.48,14.41,9.51,2380,1,0
"2024-07-31 16:20:00",796,12.13,41.29,0.379,39.49,15.96,14.05,8.88,2383,1,0
"2024-07-31 16:25:00",797,12.13,41.48,-3.293,39.52,15.86,10.95,9.05,2385,1,0
"2024-07-31 16:30:00",798,12.13,41.62,0.22,39.6,16.06,11.35,9.4,2388,1,0
"2024-07-31 16:35:00",799,12.13,41.72,"NAN",39.6,15.82,13.15,8.9,2391,1,0
"2024-07-31 16:40:00",800,12.13,41.81,0.291,39.6,15.35,14.5,8.15,2394,1,0
"2024-07-31 16:45:00",801,12.13,41.91,-3.329,39.64,15.35,11.2,8.45,2396,1,0
"2024-07-31 16:50:00",802,12.13,42.06,0.264,39.69,15.55,11.48,8.67,2399,1,0
"2024-07-31 16:55:00",803,12.13,42.2,0.266,39.78,15.31,14.13,8.95,2402,1,0
"2024-07-31 17:00:00",804,12.13,42.35,-3.288,39.98,15,12.71,8.33,2404,1,0
"2024-07-31 17:05:00",805,12.13,42.5,0.228,39.96,15.04,11.29,8.58,2407,1,0
"2024-07-31 17:10:00",806,12.13,42.6,"NAN",40,14.94,13.91,8.56,2410,1,0
"2024-07-31 17:15:00",807,12.13,42.65,-3.307,39.97,14.63,13.44,7.393,2413,1,0
"2024-07-31 17:20:00",808,12.13,42.7,0.169,40.05,14.83,11.04,8.48,2415,1,0
"2024-07-31 17:25:00",809,12.13,42.75,0.303,40.01,14.66,13.78,8.28,2418,1,0
"2024-07-31 17:30:00",810,12.13,42.7,0.404,40.01,14.46,13.96,7.168,2421,1,0
"2024-07-31 17:35:00",811,12.13,42.55,-3.302,39.72,14.7,10.54,7.273,2423,1,0
"2024-07-31 17:40:00",812,12.13,42.4,0.244,39.65,14.94,11.82,8.26,2426,1,0
"2024-07-31 17:45:00",813,12.13,42.2,0.316,39.49,14.8,13.45,8.02,2429,1,0
"2024-07-31 17:50:00",814,12.13,41.96,0.271,39.38,14.83,13.95,7.811,2432,1,0
"2024-07-31 17:55:00",815,12.13,41.72,-3.288,39.09,15.11,13.06,7.837,2435,1,0
"2024-07-31 18:00:00",816,12.13,41.52,-3.265,38.94,15.38,11.1,8.4,2437,1,0
"2024-07-31 18:05:00",817,12.13,41.34,0.212,38.82,15.72,10.81,8.4,2440,1,0
"2024-07-31 18:10:00",818,12.13,41.29,0.215,39.04,15.99,12.9,8.38,2443,1,0
"2024-07-31 18:15:00",819,12.13,41.29,0.251,39.07,15.04,14.63,7.905,2446,1,0
"2024-07-31 18:20:00",820,12.13,41.34,-3.362,39.36,14.8,11.01,7.911,2448,1,0
"2024-07-31 18:25:00",821,12.13,41.34,0.244,39.46,14.97,11.89,8.11,2451,1,0
"2024-07-31 18:30:00",822,12.13,41.34,0.234,39.5,15.21,13.69,8.42,2454,1,0
"2024-07-31 18:35:00",823,12.13,41.29,0.349,39.41,14.56,14.42,7.619,2457,1,0
"2024-07-31 18:40:00",824,12.13,41.24,-3.284,39.38,14.63,11.28,7.66,2459,1,0
"2024-07-31 18:45:00",825,12.13,41.19,0.217,39.38,15.38,11.59,8.26,2462,1,0
"2024-07-31 18:50:00",826,12.13,41.24,"NAN",39.42,15.04,13.77,8.15,2465,1,0
"2024-07-31 18:55:00",827,12.13,41.19,"NAN",39.5,14.59,14.31,7.706,2468,1,0
"2024-07-31 19:00:00",828,12.13,41.19,-3.256,39.48,14.63,11.42,7.715,2470,1,0
"2024-07-31 19:05:00",829,12.13,41.24,0.227,39.46,14.97,11.23,8.11,2473,1,0
"2024-07-31 19:10:00",830,12.13,41.19,0.248,39.3,15.28,12.23,8.06,2476,1,0
"2024-07-31 19:15:00",831,12.13,41.15,0.281,39.16,15.11,14.24,8,2479,1,0
"2024-07-31 19:20:00",832,12.13,41,-3.339,39.08,14.8,13.07,7.51,2482,1,0
"2024-07-31 19:25:00",833,12.13,40.86,-3.251,39.03,14.9,11.12,8.1,2484,1,0
"2024-07-31 19:30:00",834,12.13,40.77,0.201,38.92,15.62,10.77,8.17,2487,1,0
"2024-07-31 19:35:00",835,12.13,40.77,0.202,38.89,15.72,13.09,8.35,2490,1,0
"2024-07-31 19:40:00",836,12.13,40.96,0.273,39.13,15.21,14.47,8.11,2493,1,0
"2024-07-31 19:45:00",837,12.13,41.24,0.137,39.46,15.28,11,8.33,2495,1,0
"2024-07-31 19:50:00",838,12.13,41.52,0.219,39.78,14.8,14.57,7.462,2498,1,0
"2024-07-31 19:55:00",839,12.13,41.67,-3.279,39.91,13.88,10.92,8.04,2500,1,0
"2024-07-31 20:00:00",840,12.13,41.72,"NAN",40.31,14.53,12.29,8.18,2503,1,0
"2024-07-31 20:05:00",841,12.13,41.81,0.293,40.1,14.59,14.52,8.7,2506,1,0
"2024-07-31 20:10:00",842,12.13,41.91,0.14,40.39,14.46,11.05,7.329,2508,1,0
"2024-07-31 20:15:00",843,12.13,42.06,0.195,40.5,14.39,13.74,7.313,2511,1,0
"2024-07-31 20:20:00",844,12.13,42.11,0.328,40.24,14.29,13.91,6.594,2514,1,0
"2024-07-31 20:25:00",845,12.13,42.16,0.165,40.33,14.35,10.9,7.224,2516,1,0
"2024-07-31 20:30:00",846,12.13,42.25,0.263,40.37,13.88,14.81,8.19,2519,1,0
"2024-07-31 20:35:00",847,12.13,42.35,0.159,40.53,14.18,10.95,8.54,2521,1,0
"2024-07-31 20:40:00",848,12.13,42.5,0.245,40.89,15,14.5,9.88,2524,1,0
"2024-07-31 20:45:00",849,12.13,42.6,0.174,40.97,14.73,11.15,9.72,2526,1,0
"2024-07-31 20:50:00",850,12.13,42.7,0.278,41.36,13.94,14.81,8.77,2529,1,0
"2024-07-31 20:55:00",851,12.13,42.8,0.187,41.42,13.81,12.51,8.86,2531,1,0
"2024-07-31 21:00:00",852,12.13,42.95,-3.334,41.57,13.6,11.14,8.46,2533,1,0
"2024-07-31 21:05:00",853,12.13,43,"NAN",41.89,13.47,14.34,8.07,2536,1,0
"2024-07-31 21:10:00",854,12.13,43.1,0.106,42,14.11,11.53,9.22,2538,1,0
"2024-07-31 21:15:00",855,12.13,43.15,-3.343,41.79,13.29,12.69,8.36,2540,1,0
"2024-07-31 21:20:00",856,12.13,43.15,0.201,42.05,13.91,11.96,8.97,2543,1,0
"2024-07-31 21:25:00",857,12.13,43.05,"NAN",41.73,13.47,14.83,8.23,2546,1,0
"2024-07-31 21:30:00",858,12.12,42.95,-3.316,41.61,13.53,10.77,8.07,2548,1,0
"2024-07-31 21:35:00",859,12.12,42.8,0.155,41.36,13.94,13.56,7.201,2551,1,0
"2024-07-31 21:40:00",860,12.13,42.65,-3.311,40.98,13.74,12.53,8.05,2553,1,0
"2024-07-31 21:45:00",861,12.12,42.45,0.185,41.08,14.01,11.28,8.2,2556,1,0
"2024-07-31 21:50:00",862,12.12,42.4,"NAN",40.7,14.11,14.08,8.26,2559,1,0
"2024-07-31 21:55:00",863,12.12,42.35,-3.352,40.72,13.81,11.97,8.04,2561,1,0
"2024-07-31 22:00:00",864,12.12,42.35,0.264,40.74,14.73,12.16,9.29,2564,1,0
"2024-07-31 22:05:00",865,12.12,42.35,0.271,40.81,14.49,14.82,9.15,2567,1,0
"2024-07-31 22:10:00",866,12.12,42.35,0.176,40.6,13.84,10.82,8.16,2569,1,0
"2024-07-31 22:15:00",867,12.12,42.35,0.191,40.77,14.29,14.08,6.193,2572,1,0
"2024-07-31 22:20:00",868,12.12,42.35,-3.339,41.03,14.73,10.54,9.42,2574,1,0
"2024-07-31 22:25:00",869,12.12,42.25,0.172,40.87,14.05,13.12,7.122,2577,1,0
"2024-07-31 22:30:00",870,12.12,42.11,0.281,40.74,13.77,13.91,7.925,2580,1,0
"2024-07-31 22:35:00",871,12.12,41.91,0.129,40.41,14.39,11.17,8.89,2582,1,0
"2024-07-31 22:40:00",872,12.12,41.81,0.216,40.37,14.05,14.42,7.601,2585,1,0
"2024-07-31 22:45:00",873,12.12,41.77,-3.302,40.24,14.73,10.53,9.18,2587,1,0
"2024-07-31 22:50:00",874,12.12,41.72,0.14,40.2,14.29,13.26,7.261,2590,1,0
"2024-07-31 22:55:00",875,12.12,41.67,-3.329,40.59,14.66,11.99,9.17,2592,1,0
"2024-07-31 23:00:00",876,12.12,41.62,0.163,40.75,14.29,12.17,8.49,2595,1,0
"2024-07-31 23:05:00",877,12.12,41.62,"NAN",40.67,13.81,14.69,7.908,2598,1,0
"2024-07-31 23:10:00",878,12.12,41.57,-3.316,40.4,13.98,10.91,8.06,2600,1,0
"2024-07-31 23:15:00",879,12.12,41.43,"NAN",40.28,14.29,11.78,7.048,2603,1,0
"2024-07-31 23:20:00",880,12.12,41.38,0.187,39.94,14.32,14.03,8.2,2606,1,0
"2024-07-31 23:25:00",881,12.12,41.29,-3.316,40.06,13.77,13.27,7.526,2609,1,0
"2024-07-31 23:30:00",882,12.12,41.19,0.152,39.97,14.25,11.06,7.627,2611,1,0
"2024-07-31 23:35:00",883,12.12,41.1,0.217,39.66,14.42,13.82,6.919,2614,1,0
"2024-07-31 23:40:00",884,12.12,41.05,-3.352,39.49,14.49,11.82,6.185,2616,1,0
"2024-07-31 23:45:00",885,12.12,40.96,0.172,39.51,14.49,11.95,7.015,2619,1,0
"2024-07-31 23:50:00",886,12.12,40.82,0.201,39.48,14.42,13.86,6.892,2622,1,0
"2024-07-31 23:55:00",887,12.12,40.72,-3.334,39.51,13.67,12.79,7.311,2624,1,0
"2024-08-01 00:00:00",888,12.12,40.58,-3.339,39.29,14.9,10.64,7.744,2627,1,0
"2024-08-01 00:05:00",889,12.12,40.4,0.239,39.09,15.28,13.21,7.789,2630,1,0
"2024-08-01 00:10:00",890,12.12,40.21,0.367,38.75,14.83,14.44,7.197,2633,1,0
"2024-08-01 00:15:00",891,12.11,39.98,-3.288,38.38,15.28,11.44,6.608,2635,1,0
"2024-08-01 00:20:00",892,12.11,39.8,0.252,38.23,15.65,10.7,7.612,2638,1,0
"2024-08-01 00:25:00",893,12.11,39.57,0.281,37.88,16.51,12.19,8.09,2641,1,0
"2024-08-01 00:30:00",894,12.11,39.35,"NAN",37.75,16.37,13.67,8,2644,1,0
"2024-08-01 00:35:00",895,12.11,39.13,0.324,37.55,16.34,14.25,7.618,2647,1,0
"2024-08-01 00:40:00",896,12.11,38.9,-3.288,37.4,16.2,13.08,7.768,2650,1,0
"2024-08-01 00:45:00",897,12.11,38.68,-3.251,37.32,16.65,11.95,7.95,2652,1,0
"2024-08-01 00:50:00",898,12.11,38.47,-3.261,37.32,17.16,10.45,8.4,2655,1,0
"2024-08-01 00:55:00",899,12.11,38.25,-3.325,37.21,16.92,10.42,7.756,2658,1,0
"2024-08-01 01:00:00",900,12.11,38.03,-3.325,37.13,17.54,10.36,8.56,2661,1,0
"2024-08-01 01:05:00",901,12.11,37.74,-3.224,36.94,17.71,10.36,8.45,2664,1,0
"2024-08-01 01:10:00",902,12.11,37.52,0.313,36.65,17.71,11.32,8.4,2667,1,0
"2024-08-01 01:15:00",903,12.1,37.31,0.314,36.37,19.69,13.35,10.03,2670,1,0
"2024-08-01 01:20:00",904,12.11,37.06,0.371,35.99,19.45,13.99,9.65,2673,1,0
"2024-08-01 01:25:00",905,12.11,36.85,0.424,36.09,19.49,14.4,7.093,2676,1,0
"2024-08-01 01:30:00",906,12.1,36.65,-3.265,35.67,18.43,12.7,7.939,2678,1,0
"2024-08-01 01:35:00",907,12.1,36.48,-3.256,35.43,18.29,11.69,8.13,2681,1,0
"2024-08-01 01:40:00",908,12.1,36.32,-3.288,35.01,19.08,10.78,8.14,2684,1,0
"2024-08-01 01:45:00",909,12.1,36.08,-3.242,34.62,19.59,10.43,7.56,2687,1,0
"2024-08-01 01:50:00",910,12.1,35.92,-3.32,34.58,19.69,10.11,8.39,2690,1,0
"2024-08-01 01:55:00",911,12.1,35.75,-3.21,34.39,20.14,10.55,7.824,2693,1,0
"2024-08-01 02:00:00",912,12.1,35.59,"NAN",34.56,20.24,10.47,8.6,2696,1,0
"2024-08-01 02:05:00",913,12.1,35.48,0.343,34.56,20.34,10.92,8.59,2699,1,0
"2024-08-01 02:10:00",914,12.1,35.36,"NAN",34.55,20.58,11.02,8.71,2702,1,0
"2024-08-01 02:15:00",915,12.1,35.24,0.327,34.39,20.51,11.37,8.61,2705,1,0
"2024-08-01 02:20:00",916,12.1,35.08,0.347,34.4,20.89,11.34,9.01,2708,1,0
"2024-08-01 02:25:00",917,12.1,35,0.386,34.26,21.78,11.3,7.687,2711,1,0
"2024-08-01 02:30:00",918,12.1,34.85,0.347,34.27,21.2,11.23,9.07,2714,1,0
"2024-08-01 02:35:00",919,12.1,34.73,0.38,34.1,21.27,11.19,9.06,2717,1,0
"2024-08-01 02:40:00",920,12.1,34.65,0.317,34.24,21.37,11.12,9.21,2720,1,0
"2024-08-01 02:45:00",921,12.1,34.54,0.335,34.14,21.64,11.69,9.35,2723,1,0
"2024-08-01 02:50:00",922,12.1,34.46,0.452,34.09,21.82,12.11,8.19,2726,1,0
"2024-08-01 02:55:00",923,12.1,34.34,0.4,33.9,22.74,11.3,10.17,2729,1,0
"2024-08-01 03:00:00",924,12.1,34.27,-3.275,33.91,23.08,10.32,9.99,2732,1,0
"2024-08-01 03:05:00",925,12.1,34.15,-3.234,33.59,22.84,10.63,9.72,2735,1,0
"2024-08-01 03:10:00",926,12.1,34.04,-3.307,33.62,22.88,12.17,9.63,2738,1,0
"2024-08-01 03:15:00",927,12.1,33.92,0.596,33.49,22.26,13.8,9.43,2742,1,0
"2024-08-01 03:20:00",928,12.1,33.77,0.462,33.34,22.53,13.62,8.08,2745,1,0
"2024-08-01 03:25:00",929,12.1,33.66,0.4,32.95,23.01,12.15,8.25,2748,1,0
"2024-08-01 03:30:00",930,12.09,33.55,0.383,32.85,23.22,10.61,8.29,2751,1,0
"2024-08-01 03:35:00",931,12.09,33.47,-3.244,32.45,23.29,10.15,8.25,2754,1,0
"2024-08-01 03:40:00",932,12.09,33.43,-3.289,32.33,23.22,11.49,8.27,2757,1,0
"2024-08-01 03:45:00",933,12.09,33.4,-3.262,32.32,22.98,13.14,8.91,2761,1,0
"2024-08-01 03:50:00",934,12.09,33.36,0.491,32.03,23.39,13.91,8.29,2764,1,0
"2024-08-01 03:55:00",935,12.09,33.29,0.476,32.24,23.46,12.72,9.19,2767,1,0
"2024-08-01 04:00:00",936,12.09,33.25,0.414,32.12,23.97,11.22,8.77,2770,1,0
"2024-08-01 04:05:00",937,12.09,33.17,-3.243,32.08,23.6,10.1,8.37,2773,1,0
"2024-08-01 04:10:00",938,12.09,33.14,-3.248,32.04,23.36,10.94,8.22,2776,1,0
"2024-08-01 04:15:00",939,12.09,33.06,-3.248,32.18,23.36,12.59,8.22,2779,1,0
"2024-08-01 04:20:00",940,12.09,33.03,0.505,32.18,23.46,13.82,8.2,2783,1,0
"2024-08-01 04:25:00",941,12.09,32.99,0.487,32.24,23.67,14.27,9.12,2786,1,0
"2024-08-01 04:30:00",942,12.09,32.92,0.436,32.32,24.11,13.52,9.37,2789,1,0
"2024-08-01 04:35:00",943,12.09,32.84,0.404,32.32,24.52,12.48,9.54,2792,1,0
"2024-08-01 04:40:00",944,12.09,32.81,-3.257,32.14,24.52,10.16,8.65,2795,1,0
"2024-08-01 04:45:00",945,12.09,32.73,-3.248,32.01,24.52,9.98,8.65,2798,1,0
"2024-08-01 04:50:00",946,12.09,32.66,-3.239,32.06,24.21,10.75,9.18,2801,1,0
"2024-08-01 04:55:00",947,12.09,32.62,-3.225,32,23.94,12.97,9.04,2804,1,0
"2024-08-01 05:00:00",948,12.09,32.59,0.463,31.92,24.38,14.08,8.36,2808,1,0
"2024-08-01 05:05:00",949,12.09,32.55,0.491,31.81,24.93,12.69,9.55,2811,1,0
"2024-08-01 05:10:00",950,12.09,32.51,0.513,32.12,25.14,12.41,10.25,2814,1,0
"2024-08-01 05:15:00",951,12.09,32.44,0.434,31.98,25.07,10.99,9.66,2817,1,0
"2024-08-01 05:20:00",952,12.09,32.4,-3.211,32.05,24.59,10.34,8.52,2820,1,0
"2024-08-01 05:25:00",953,12.09,32.4,-3.262,31.93,24.21,11.27,7.401,2823,1,0
"2024-08-01 05:30:00",954,12.09,32.37,-3.284,32.05,24.52,11.94,8.45,2826,1,0
"2024-08-01 05:35:00",955,12.08,32.33,0.542,32.03,23.94,13.48,9.24,2830,1,0
"2024-08-01 05:40:00",956,12.08,32.3,0.531,31.77,24.18,14.17,9.41,2833,1,0
"2024-08-01 05:45:00",957,12.08,32.26,0.483,31.87,25,13.48,9.45,2836,1,0
"2024-08-01 05:50:00",958,12.08,32.19,0.433,31.96,25.55,11.73,9.86,2839,1,0
"2024-08-01 05:55:00",959,12.08,32.15,0.448,31.8,25.65,11.76,8.79,2842,1,0
"2024-08-01 06:00:00",960,12.08,32.12,0.487,32.09,25.96,11.72,10.36,2845,1,0
"2024-08-01 06:05:00",961,12.08,32.08,0.462,31.92,26.09,11.65,10.38,2848,1,0
"2024-08-01 06:10:00",962,12.08,32.04,0.443,31.83,27.43,11.66,11.04,2851,1,0
"2024-08-01 06:15:00",963,12.08,31.97,0.5,31.66,26.13,11.57,8.84,2854,1,0
"2024-08-01 06:20:00",964,12.08,31.9,-3.262,31.35,26.33,10.31,9.62,2857,1,0
"2024-08-01 06:25:00",965,12.08,31.86,-3.243,31.36,26.85,10.02,10.51,2860,1,0
"2024-08-01 06:30:00",966,12.08,31.83,-3.225,31.31,27.67,10.02,10.88,2863,1,0
"2024-08-01 06:35:00",967,12.08,31.76,-3.16,31.23,26.74,10.34,10.4,2866,1,0
"2024-08-01 06:40:00",968,12.08,31.72,-3.303,31.25,26.3,11.8,9.34,2869,1,0
"2024-08-01 06:45:00",969,12.08,31.69,-3.262,30.84,26.3,12.49,9.25,2872,1,0
"2024-08-01 06:50:00",970,12.08,31.62,0.499,30.9,26.23,14,9.42,2876,1,0
"2024-08-01 06:55:00",971,12.08,31.62,0.595,31.06,26.5,13.98,10.18,2879,1,0
"2024-08-01 07:00:00",972,12.08,31.51,0.529,31.09,26.03,12.74,9.82,2882,1,0
"2024-08-01 07:05:00",973,12.08,31.47,0.463,31.14,26.98,12.27,10.5,2885,1,0
"2024-08-01 07:10:00",974,12.08,31.44,0.437,31.21,26.47,10.46,9.7,2888,1,0
"2024-08-01 07:15:00",975,12.08,31.4,-3.28,31.16,26.33,10.12,9.65,2891,1,0
"2024-08-01 07:20:00",976,12.08,31.37,-3.244,31.09,26.68,10.45,8.16,2894,1,0
"2024-08-01 07:25:00",977,12.08,31.3,-3.234,30.81,26.51,10.44,9.51,2897,1,0
"2024-08-01 07:30:00",978,12.08,31.26,-3.211,30.62,27.05,11.75,10.4,2900,1,0
"2024-08-01 07:35:00",979,12.07,31.23,-3.206,30.43,26.61,12.12,10.09,2903,1,0
"2024-08-01 07:40:00",980,12.07,31.19,-3.22,30.55,26.3,13.44,8.53,2907,1,0
"2024-08-01 07:45:00",981,12.07,31.16,0.664,30.61,26.68,13.62,10.16,2910,1,0
"2024-08-01 07:50:00",982,12.07,31.12,0.541,30.49,26.75,13.77,10.14,2913,1,0
"2024-08-01 07:55:00",983,12.07,31.09,0.521,30.49,26.61,12.99,8.67,2916,1,0
"2024-08-01 08:00:00",984,12.07,31.05,0.45,30.24,26.75,11.91,8.67,2919,1,0
"2024-08-01 08:05:00",985,12.07,31.02,0.458,30.16,26.92,10.41,8.73,2922,1,0
"2024-08-01 08:10:00",986,12.07,30.98,-3.17,30.17,26.75,10.16,8.67,2925,1,0
"2024-08-01 08:15:00",987,12.07,30.95,-3.197,30.09,26.61,11.12,8.53,2928,1,0
"2024-08-01 08:20:00",988,12.07,30.95,-3.183,29.87,26.13,12.65,9.48,2931,1,0
"2024-08-01 08:25:00",989,12.07,30.91,0.584,29.83,26.71,13.81,8.45,2935,1,0
"2024-08-01 08:30:00",990,12.07,30.88,0.54,29.84,27.23,13.07,8.73,2938,1,0
"2024-08-01 08:35:00",991,12.07,30.88,0.494,29.79,27.71,11.3,9.92,2941,1,0
"2024-08-01 08:40:00",992,12.07,30.84,-3.234,29.98,27.71,9.94,9.45,2944,1,0
"2024-08-01 08:45:00",993,12.07,30.81,-3.193,29.87,27.6,10.59,9.51,2947,1,0
"2024-08-01 08:50:00",994,12.07,30.81,-3.229,29.94,27.57,12.21,9.24,2950,1,0
"2024-08-01 08:55:00",995,12.07,30.78,0.607,29.83,27.36,13.61,8.63,2954,1,0
"2024-08-01 09:00:00",996,12.07,30.74,0.511,29.83,27.81,13.45,9.54,2957,1,0
"2024-08-01 09:05:00",997,12.07,30.74,0.519,29.79,27.74,11.82,8.83,2960,1,0
"2024-08-01 09:10:00",998,12.07,30.71,0.472,29.84,28.19,10.81,9.71,2963,1,0
"2024-08-01 09:15:00",999,12.07,30.67,-3.151,29.93,28.08,10.02,9.68,2966,1,0
"2024-08-01 09:20:00",1000,12.07,30.67,-3.193,29.95,27.88,11.04,9.37,2969,1,0
"2024-08-01 09:25:00",1001,12.07,30.64,-3.216,29.95,27.6,12.5,7.156,2972,1,0
"2024-08-01 09:30:00",1002,12.07,30.6,0.614,30.02,27.88,13.77,9.43,2976,1,0
"2024-08-01 09:35:00",1003,12.07,30.6,0.484,30.05,28.22,12.97,9.61,2979,1,0
"2024-08-01 09:40:00",1004,12.07,30.57,0.45,30.04,28.22,11.16,9.76,2982,1,0
"2024-08-01 09:45:00",1005,12.07,30.53,-3.226,30.02,28.8,10.05,10.68,2985,1,0
"2024-08-01 09:50:00",1006,12.07,30.5,-3.197,29.98,28.42,9.96,9.66,2988,1,0
"2024-08-01 09:55:00",1007,12.07,30.46,-3.22,30.05,28.22,10.56,9.7,2991,1,0
"2024-08-01 10:00:00",1008,12.07,30.43,-3.211,29.95,28.22,12.05,9.41,2994,1,0
"2024-08-01 10:05:00",1009,12.07,30.43,0.65,30.07,28.15,13.5,9.34,2998,1,0
"2024-08-01 10:10:00",1010,12.07,30.4,0.614,30,28.15,14.15,9.46,3001,1,0
"2024-08-01 10:15:00",1011,12.07,30.36,0.576,29.99,28.36,13.46,9.65,3004,1,0
"2024-08-01 10:20:00",1012,12.07,30.33,0.48,30.02,28.49,11.78,9.67,3007,1,0
"2024-08-01 10:25:00",1013,12.07,30.33,-3.197,30.03,28.39,10.22,9.64,3010,1,0
"2024-08-01 10:30:00",1014,12.07,30.33,-3.206,30,28.05,10.13,9.43,3013,1,0
"2024-08-01 10:35:00",1015,12.07,30.33,-3.218,29.93,27.91,10.84,9.42,3016,1,0
"2024-08-01 10:40:00",1016,12.07,30.33,-3.22,30,28.01,11.5,9.33,3019,1,0
"2024-08-01 10:45:00",1017,12.07,30.29,-3.216,29.97,27.95,12.42,9.17,3022,1,0
"2024-08-01 10:50:00",1018,12.07,30.29,-3.28,30.02,28.15,13.03,9.37,3026,1,0
"2024-08-01 10:55:00",1019,12.06,30.26,0.598,29.78,28.19,13.8,9.39,3029,1,0
"2024-08-01 11:00:00",1020,12.07,30.26,0.622,29.78,28.42,14.04,9.66,3032,1,0
"2024-08-01 11:05:00",1021,12.06,30.22,0.594,29.71,28.36,13.88,8.69,3035,1,0
"2024-08-01 11:10:00",1022,12.06,30.19,0.542,29.96,29.11,12.87,10.1,3038,1,0
"2024-08-01 11:15:00",1023,12.07,30.16,0.509,29.88,29.49,12.64,10.76,3041,1,0
"2024-08-01 11:20:00",1024,12.07,30.16,0.491,30.02,29.55,11.38,9.92,3044,1,0
"2024-08-01 11:25:00",1025,12.06,30.16,-3.228,29.73,28.9,9.81,9.85,3047,1,0
"2024-08-01 11:30:00",1026,12.06,30.19,-3.225,29.76,28.9,10.52,10.32,3050,1,0
"2024-08-01 11:35:00",1027,12.06,30.22,-3.271,30.01,28.53,12.2,9.66,3053,1,0
"2024-08-01 11:40:00",1028,12.06,30.29,-3.2,30.12,28.22,13.28,9.52,3057,1,0
"2024-08-01 11:45:00",1029,12.06,30.36,0.601,30.22,28.19,14.05,9.59,3060,1,0
"2024-08-01 11:50:00",1030,12.06,30.46,0.477,30.27,27.88,13.76,9.49,3063,1,0
"2024-08-01 11:55:00",1031,12.06,30.6,0.468,30.32,27.98,13.4,10.18,3066,1,0
"2024-08-01 12:00:00",1032,12.06,30.74,0.447,30.32,27.77,13.15,10.66,3069,1,0
"2024-08-01 12:05:00",1033,12.06,30.88,0.451,30.52,27.54,13.24,9.25,3072,1,0
"2024-08-01 12:10:00",1034,12.06,31.12,0.43,30.62,27.13,13.44,10.19,3075,1,0
"2024-08-01 12:15:00",1035,12.06,31.3,0.497,31.3,26.78,13.58,9.12,3078,1,0
"2024-08-01 12:20:00",1036,12.06,31.51,0.409,31.43,27.06,13.14,10.93,3081,1,0
"2024-08-01 12:25:00",1037,12.06,31.76,0.375,31.92,26.54,11.81,10.46,3084,1,0
"2024-08-01 12:30:00",1038,12.06,31.97,-3.317,32.1,26.88,10.18,11.15,3087,1,0
"2024-08-01 12:35:00",1039,12.06,32.22,0.375,32.18,25.79,11.59,10.2,3090,1,0
"2024-08-01 12:40:00",1040,12.06,32.48,0.43,32.61,26.09,11.39,10.9,3093,1,0
"2024-08-01 12:45:00",1041,12.06,32.7,-3.275,32.76,25.1,10.06,10.32,3096,1,0
"2024-08-01 12:50:00",1042,12.06,32.95,-3.257,32.82,24.66,10.32,10.08,3099,1,0
"2024-08-01 12:55:00",1043,12.06,33.25,-3.211,32.95,24.11,10.48,9.91,3102,1,0
"2024-08-01 13:00:00",1044,12.06,33.51,-3.229,33.19,23.6,10.42,9.79,3105,1,0
"2024-08-01 13:05:00",1045,12.06,33.73,-3.282,33.34,23.39,10.45,9.78,3108,1,0
"2024-08-01 13:10:00",1046,12.06,34,-3.252,33.38,23.22,10.62,9.87,3111,1,0
"2024-08-01 13:15:00",1047,12.06,34.27,-3.252,33.46,23.15,10.77,9.17,3114,1,0
"2024-08-01 13:20:00",1048,12.06,34.5,-3.28,33.4,23.01,10.86,9.19,3117,1,0
"2024-08-01 13:25:00",1049,12.06,34.73,-3.234,33.5,22.53,11.22,8.96,3120,1,0
"2024-08-01 13:30:00",1050,12.06,34.96,-3.266,34.04,22.57,10.24,9.09,3123,1,0
"2024-08-01 13:35:00",1051,12.06,35.24,0.362,34.24,23.15,10.61,10.72,3126,1,0
"2024-08-01 13:40:00",1052,12.06,35.48,"NAN",34.6,22.4,12.17,10.54,3129,1,0
"2024-08-01 13:45:00",1053,12.06,35.68,0.304,35.06,22.91,10.76,11.25,3132,1,0
"2024-08-01 13:50:00",1054,12.07,35.87,-3.252,35.17,21.64,10.51,10.25,3135,1,0
"2024-08-01 13:55:00",1055,12.07,36.08,-3.298,35.31,21.41,10.3,10.51,3138,1,0
"2024-08-01 14:00:00",1056,12.07,36.24,-3.275,35.53,21.06,10.49,10.01,3141,1,0
"2024-08-01 14:05:00",1057,12.07,36.44,-3.266,35.63,20.69,10.7,9.74,3144,1,0
"2024-08-01 14:10:00",1058,12.07,36.65,-3.234,35.74,20.65,11.28,9.91,3147,1,0
"2024-08-01 14:15:00",1059,12.07,36.77,-3.238,35.85,20.1,12.01,9.34,3150,1,0
"2024-08-01 14:20:00",1060,12.07,36.9,-3.257,35.8,19.83,11.7,9.16,3153,1,0
"2024-08-01 14:25:00",1061,12.07,37.02,-3.256,35.86,19.8,11.21,9.16,3156,1,0
"2024-08-01 14:30:00",1062,12.07,37.19,-3.247,35.87,19.69,11.36,9.22,3159,1,0
"2024-08-01 14:35:00",1063,12.07,37.4,-3.298,36.08,19.59,11.65,9.34,3162,1,0
"2024-08-01 14:40:00",1064,12.07,37.65,-3.275,36.23,19.49,10.25,9.43,3165,1,0
"2024-08-01 14:45:00",1065,12.07,37.91,0.299,36.25,19.38,11.18,9.6,3168,1,0
"2024-08-01 14:50:00",1066,12.07,38.12,0.241,36.36,18.87,12.43,9.92,3171,1,0
"2024-08-01 14:55:00",1067,12.07,38.34,0.314,36.42,19.04,13.81,9.45,3174,1,0
"2024-08-01 15:00:00",1068,12.07,38.55,0.39,36.86,18.97,14.71,10.22,3177,1,0
"2024-08-01 15:05:00",1069,12.07,38.77,0.4,37.02,18.15,13.64,9.4,3180,1,0
"2024-08-01 15:10:00",1070,12.07,38.95,-3.229,37.25,18.15,12.27,9.73,3182,1,0
