#Applying: Default to fixed 4 substeps, use --nsub 0 to use default adaptive time step 
#nsub         substeps    mean/h     wall_s    lateral_m       perc_m        AET_m   residual_m 
0              92538     1.184      0.217       0.5372       6.3368       4.0148  -1.0547e-14 
1               78168     1.000      0.215       0.5341       6.2159       3.9954  -6.3727e-14 
2              156336     2.000      0.243       0.5373       6.3185       4.0148   1.8430e-14 
4              312672     4.000      0.328       0.5384       6.3317       4.0148   1.1913e-13 
6              469008     6.000      0.337       0.5387       6.3337       4.0148  -7.9936e-15 
8              625344     8.000      0.402       0.5388       6.3339       4.0148  -5.5289e-14 
12             938016    12.000      0.475       0.5389       6.3342       4.0148  -2.9532e-14 
24            1876032    24.000      0.751       0.5391       6.3344       4.0148  -3.1419e-14 

